3.0120139097878944
2.6132169496475806
2.6701627057052826
2.7526958743410432
2.8269502540456575
3.1049045344852138
2.970410442888608
2.8170713066076227
3.052730119757348
2.8778361811900552
2.8543974023650733
2.640101569481498
2.5696637216665454
2.757761561829766
2.2961081256305893
2.9515377033357164
2.892111028594272
3.039919196893275
2.790604629368407
2.8739777270290694
2.856913779890315
2.784915648961
3.179989273308535
2.7567194458367617
2.886515206182241
3.008542606930602
2.905417582737499
3.1403258988438947
2.6424562529249886
2.6820285998491364
2.975845561143361
2.251090119419467
3.0811592451202627
2.5327452379434083
3.002118484189257
3.249010044821886
2.459858604329638
2.975506231290494
2.954853245949015
3.080084445538307
3.0037454058583886
3.3146695004566813
2.95939141084349
2.9196033399999313
2.9406643405790223
2.3999360694560936
2.852202592713053
2.9574096132083962
3.2601004400132427
2.833151700431339
2.812244281884377
3.27827728902005
2.526461338337578
2.8660968902486275
2.955273775489293
2.8834514815949888
2.8520305507038546
2.912698683078845
2.7843274900506403
3.381005410326193
3.0431302392670236
2.978974597983265
2.582273547893394
3.2044332370279465
2.5293641612835764
3.420261528207039
2.601706272787593
2.6371475700445095
2.7736058206482284
2.718524910361554
3.244963314047579
2.960377691221518
2.5617403309447524
2.9517559523761565
3.328408671641215
2.9947728051522264
2.761738908510167
3.1890463205382726
2.8587765183690164
3.073293650939
2.9979924554206376
2.8585285360041435
3.047811647420697
3.0509115096016295
2.4887799411037994
3.0654373359626526
2.819185120223857
2.8590865245312247
2.908285145514215
2.950125607725724
2.633746722825928
2.9384713475274875
3.471323559874111
3.2008281229309907
3.3987626086747373
2.717234200062554
3.298422197549454
2.7831065119434153
3.4763113046298466
2.7342195318805147
3.0033571411886384
2.705144553196256
2.832524343626528
3.113370707886996
2.891610345325481
3.0614542012593717
2.5944860146305038
2.859372346533188
3.285799911221381
2.9622974477766286
3.0519989166839308
3.4010526117492885
3.20653401048864
2.7221502415967564
3.0613837038878193
2.7225199819053163
2.923402194884607
3.2001471866190125
2.848878217294113
2.8626274513109724
2.905999197681302
3.019900424251016
2.38727123776434
2.4026634228509347
2.7643949518991584
3.0233317636824277
3.1031523169127158
2.5102808863270036
2.6993532325490697
3.423223032402185
3.2030189222127095
2.98333807831591
2.61794545575457
3.0656577391095774
2.9404841293076758
2.6519435020682542
3.073722056668663
3.3687746109630226
3.058302411965616
2.6086537669562646
2.6405849290893033
2.8694582464227065
2.8033242109770664
3.270524904018628
2.759436826511234
3.2506896177458646
2.685373375844951
2.5079020776507845
2.9656908839395872
3.5080747065842233
3.189426649033033
2.7955511356510847
2.557229178668956
2.860313933115335
2.6104224914470184
3.138346587689136
2.995365515502267
3.081967325119963
2.3332040431462833
3.06182139141787
2.5638564506506016
2.471619590827093
3.2732199394889423
3.26473579826172
2.79851633369419
3.232590594683206
2.4706011275602933
2.9582144700376856
2.7800953871597347
2.7582823260722056
3.0003008418472032
2.68856240566759
2.9983114033344105
2.8911393743762757
2.5900442618552817
3.532888931016425
3.1028126413947104
3.0329326266550014
2.951355615651119
2.725408348578506
2.9680151306362097
2.9845528271008193
3.1318631355745956
3.4015994142303496
3.23875728516142
2.6172239657628715
2.775958594385052
3.062891772137806
2.4892932932739353
2.8034879105255532
3.055300076155098
2.325385379816729
3.04650760016645
3.105057236496255
2.7528892226972097
2.5493769484084505
2.8049566958200223
2.6377460839837665
2.7100168129318383
2.5367580820447184
3.2104321277766554
2.8855435405293544
2.952461822494741
2.932736358774441
2.795030620870095
2.512964779856045
3.026199056361056
3.0965911226954983
2.978421153152578
3.3177519150742643
2.8881451323881193
2.616657427724925
2.7576244927307956
3.02138911024832
2.38416796462245
3.276781129351095
3.070745954956755
2.906247412712723
2.7669826231467076
2.869198383925446
2.4061259236559156
2.5094407151460336
3.154563441291721
3.5279174369718693
3.1627311543721257
2.7001948215171065
3.0000248121356607
2.624090133700722
2.9299345082218538
2.8869503014095317
2.807209790757747
2.7320407264118614
2.6878339085046083
2.847565544922876
2.753135314472829
2.7355355860905934
2.995502379074495
2.814203178795665
2.7726656686756406
3.060791681477989
3.0490669118730094
3.187382053981799
2.8058737358597865
2.8534630070790254
2.6385844010782784
2.798473042135474
3.3211318506315792
2.9886738417992693
2.55307625308369
3.1725987291376407
2.847036056770629
2.7642928167691867
3.060721948634843
2.8214532601650215
2.6522915664890174
3.040518825505182
2.7439368247395493
2.8382842431809814
3.103685276375497
3.037881183922353
3.1085050123279014
3.0671764593386808
2.9763177852721103
3.141532891945852
2.75808386978017
3.0404595904392333
2.636412255901773
2.8179477030864915
2.9563808102528673
2.919751375114752
2.8016034221883386
2.8886611664597948
2.851107295232333
3.1234223369641088
2.61640251934591
2.6553918419514164
2.4427821008384925
2.5484657152796144
2.9041596293434324
2.7373371467042054
3.1480724958251565
3.1410461196369663
2.7757065451345895
2.981341301449808
2.8115584533080833
2.9601708661292405
2.5911380867002274
2.700029120304498
2.583736225911455
2.785199260091002
2.70848366047961
2.489484314429345
3.182910294036445
3.270775227720333
2.5207007070859655
3.0346315149749934
2.8642226117809573
3.2769955004464255
2.9407505156587037
2.86745095502381
2.7067225293596002
2.8658470992754626
2.818491876709895
2.550739933573651
3.0137870352113074
3.106194816356021
2.842714800760595
2.795929290434656
3.2186910855915385
3.3347738620025553
2.805870802558826
2.869393406822257
2.8919970972580384
3.0602526171624285
2.7186019968067874
2.963616363157168
3.0170664966456733
2.4367450020047348
3.75027479675493
2.6086637409219704
2.5368001475213275
2.6029887437301773
2.848726475077522
3.0918637867221657
3.032629012915892
2.9113735710377204
3.122966537024786
3.028400864201931
2.999189457585867
3.2342888651977333
3.166527754281935
3.573007969750209
2.940857229982696
3.0820344369140713
3.0404437255284074
2.7065084230552587
3.0499998401839874
2.9098463416392137
2.902568790388315
2.7383560710725225
2.79402072261683
2.855303136520101
3.205313642561416
2.977597196876542
2.5604069231325868
3.0079245714475804
2.755886173312282
3.2120520986605596
2.389006788247952
3.145311009904737
2.6728618122632253
2.9705173990008813
2.918852670869386
2.7966757847196755
3.1085807480397687
2.9043672132955343
3.1196331392350163
3.055439084231328
3.440422108228869
3.1785712002635593
3.5201055967434263
2.7368925962555033
2.9724183507839665
3.094739053558709
3.008846707426794
2.5795094608827434
2.9789144213879166
2.931077359490643
3.534836693169307
3.2607855084625013
3.0245112900252726
3.19301213066252
2.4372720126236844
3.2749718223784576
2.802471265726549
2.4545065035354767
2.6733295033241093
3.182551376923389
3.3377683176012622
2.833374071092543
2.596537695289153
2.7543314551868985
2.609906462106215
2.734081544724938
2.9125758086500366
3.02089414950913
2.5890487781029323
2.9237737427494483
3.141079318378937
2.7252856971764405
2.7621030929738173
2.7217071525258536
2.7814410571528265
3.0438300409495445
3.0863190762095067
2.57542421605027
2.4911268102024025
2.978481282399244
2.9058440519901074
3.0358685406828214
2.681641046135031
2.979738979105293
2.8877581943815325
2.976069457639385
2.425677827767944
2.7675476839952773
2.6300741841279596
2.578080242049917
3.0066138301475718
2.7214238705752267
2.8366514859958665
2.87760553194792
2.748015615499013
2.533978103737689
2.816530711755679
3.5113062517222366
2.914249677797258
2.6335723182796205
2.832956340250981
2.845481991424047
2.536979260456692
2.835036481499575
2.981527556287285
3.0021743495023183
2.7419178521771044
2.9565311220409267
3.0179332749701255
2.525823838909651
3.216474589481297
3.046215525794386
3.0659347931073233
3.15950626977285
2.9422704093288203
2.5948188908314482
2.766504096058228
2.7108910249328866
2.4238669266933877
2.7462903324416796
2.9791355858756425
2.973695947234573
2.445870371371634
2.541906416534617
2.538469624110464
2.7367693496271173
3.002551514561922
2.95075550446674
2.844310709501462
2.8552929497372914
2.9320317739414756
3.1031428594122445
3.147733546206522
2.62302176378011
2.5781262369316766
2.957147587277307
2.9814242436174663
3.111030581801042
2.901718882256083
2.7373102870042305
3.048365481650875
2.6918956977558013
2.917713187758658
3.183566985702514
2.860615599165082
2.669432232437359
3.0096743611241017
3.3490652921318826
2.2071635712645534
2.3893843189181565
2.6292814827075377
3.00982306307025
3.409932947276025
2.802564410793308
2.4420050744940633
2.5819579543374025
2.7191727167143247
2.776586703746612
2.693180749381513
2.851957953407543
2.9155091825097608
3.1994034606338366
2.8889376940921827
2.802393125754578
2.926799094491683
2.582166773744682
2.894725270054584
3.250026110757129
2.5524652015089373
2.759235396272418
3.1703254358202666
2.5470754558018345
3.008174908973746
2.7202848680537164
2.923248001342525
3.107513689673667
2.819798078941176
2.769759966154185
2.75243907194188
3.0770920671155113
2.49734527542386
2.771756532698956
2.7506914272906706
2.720289131220843
3.1634348235160377
2.9144319558725607
2.9627949085499887
2.5602830977385285
3.1099238077048144
3.015841863963696
2.933596871797417
2.933112387118373
2.8354951543487954
3.0069713182082105
2.9901336806432286
2.9883719731151026
3.291730118751673
2.8947847713329464
2.473677332528189
2.4377284349475157
2.8749951772042484
2.267837548137477
2.767249059572459
2.7292275927134235
2.9987150004154057
2.7122686506228537
2.602152647961037
3.2053276448774244
2.572598267821192
2.70471585728053
3.492946144588855
3.229258867835955
2.9821444452676547
3.3101298809468567
2.7236871758609658
3.0588586073433786
2.7326554188751726
2.9806551703803237
2.8814627632506498
3.2210708955416867
2.893417349240171
2.7145285340900585
2.864124478736622
3.0962897348828453
2.8127111683096175
2.9412670837876096
2.904953960948703
2.9749167539242123
2.932806904745207
2.8005378553713745
2.801367728747828
2.613375080163017
2.9414088579662607
3.091456851208738
2.8449716703703007
2.6702034939997756
3.158498288595105
2.508937912674327
2.7129206018021756
2.9965916402081243
3.001549667670235
2.9548629139047686
3.435280399639674
2.983666257812406
3.2774035453620645
2.727245090706005
3.1186244932294542
2.843775332317817
2.447265533130453
2.790209720872523
2.6625934391093864
3.0710732847662494
2.8892430648305774
2.8211745942580073
2.8418431439021505
2.880213751442711
2.3668431893015454
2.8677000783020783
2.675968883761963
2.8191919718090963
2.7045518902714547
2.856132991141566
2.813684421221937
2.900073135763804
2.606340252814689
3.2394630981541988
2.606627080026885
2.6540044697103897
2.753677116411657
3.2391913849809084
3.278564464905447
2.760465309755961
2.979017421556255
2.7113871643266667
2.6541393679384253
2.3773072547581284
2.7453045508376284
2.648026214453458
2.993672294542419
2.8119123842257006
3.082228734837163
2.2710200134892804
3.1084680024819376
3.1584527381323415
3.055060896484117
3.201640741486018
3.2524327186857094
3.186901645387968
2.9448341569518717
3.2216487906723277
3.1529649733018066
2.6502379376475065
2.989229947511523
2.8980965345508944
2.8168221248821346
3.198254679101112
2.6935471559557316
3.2971144379817363
3.307788549098582
2.7601991094006237
2.678623896627576
2.870357823688172
2.5106401205733175
2.8981566987685374
2.6850480603232976
2.594083323016901
3.118167285608857
2.585768211318285
2.9137868440534946
2.70082841797112
2.671453996183177
2.986003998968774
2.581806911030061
3.1891738097596645
2.8553546351937804
2.7390550066504287
2.7208401459170815
2.8166239837875167
2.9507464768062626
3.2942745495126275
2.3406770078357564
2.6238035990569326
3.0550077652083334
2.760863034388158
2.865488309981856
2.597162811099941
2.5292230137953076
3.016602608665385
2.8404539245474134
2.629012181380621
2.919423563907433
2.971165783685716
3.002803042221777
3.0976746822676904
2.8973068490818545
3.2598928216837386
2.406869522369571
2.735163205368269
2.8595276178701265
2.3447746202556243
3.2236374171273097
3.1244977815839494
2.8119730077695526
2.8073030705602693
2.2319857018185765
2.6482599058343848
2.4987608811845012
2.9537233159537433
3.0066703475905663
2.740361833295355
2.7961166641664494
2.8865426138855685
3.093331805475067
2.938846934017803
2.515085353616273
3.2248930029922547
3.082356789879158
2.908152303800043
2.2431843381582155
2.784830554918642
2.7816739077965087
2.835746630880324
2.7600887224286397
2.7274971061999342
2.6827937713929852
2.9158875493909133
2.804240584558039
3.3537976556937386
2.866235412479337
3.2375194473306284
2.9126700729724684
2.63222466042648
3.0116955528902247
3.047126672338746
2.895266455964226
3.1719045640010703
2.9737272395732717
2.6355660146349598
3.213804962471051
3.1055400272546585
3.1296794036021782
2.622106173890079
2.4608054985736674
2.3701177040776407
2.9461878931843595
2.7800284382980673
3.2606561071033515
2.89387109046384
2.9454618143641884
2.821277889221992
3.124191996633895
2.6864256741034462
2.938988950114283
2.654369795383096
2.624239877961446
2.9213461240017655
2.554530268759125
3.49215885530125
2.8218215583599675
3.049056532908765
2.707193998577874
2.877128608449461
3.2240794993519484
3.3183814959159603
3.1670436469179517
3.0640233916523205
2.5701836911641
2.5599012527334857
2.748057835019542
2.6458540170306946
2.5499880283679612
2.851152955488089
2.885137135078831
2.7970731569857006
3.24209230543161
3.318769399021736
2.9384139234171505
2.6453253192401083
2.9667871901725724
2.91278171714689
3.339803332943323
2.706714727378172
2.984375378811194
3.197592844237603
2.8300241155979413
3.425186002988579
3.4445613289945283
3.0049505186870538
2.931997916251377
2.7476485690022714
2.815167507146983
3.1445260506431203
2.3416908484047414
3.034148748918034
2.7137742336658173
3.2306966933230146
2.8012356922657378
2.6155888950636395
2.447421991407228
2.5628617763894233
2.6792950787469554
3.0477271267410164
2.8427744877620653
2.87311685620302
2.8023205074988136
3.13850387859744
2.8149557385630937
2.8107900841849713
3.2003048505129543
3.02718072252921
2.695842033482927
3.0329924829662813
3.0751387792245675
2.9549252037774876
2.7795070391345433
3.027690956483478
2.9241107033978997
3.0228913839910425
3.3586489564973006
2.6852223948594203
2.4335945087939748
2.577725839612389
2.9829352382928067
3.023178017594261
2.816868054530781
2.8256333959999416
3.0272163259110614
2.759067241689468
2.8548810265771665
2.5114812667580897
3.194039431438979
2.675309898966563
2.8114377387284426
3.1105441632955273
3.0906543792040524
3.0457866888063556
2.937138976942834
3.0522645633970296
2.8128974690462614
2.6777565182233065
3.003749329079688
2.95710571870375
2.8854957293071295
2.8472765477495487
3.215670659695297
3.213839849801961
2.6486344637174706
3.117658055336887
2.5550428060751447
2.5459446884240737
2.7050317824576653
2.9896595985016687
2.775530463620155
2.8062748382091915
3.2247549587575737
2.6886195602651286
2.630379880183882
2.485715877224959
2.6738760853324988
2.599917602451319
2.773108271869691
2.811483943510402
3.0507612172460226
2.8518763927320543
2.5882824345757043
2.9527780987645786
2.463679167689001
3.050461721188132
2.7760640412967628
3.152117355580457
2.6916196306460467
2.761436193971547
2.689442972309373
3.202946873942788
2.734910594028979
3.090306459058063
2.952352400353901
3.097710368485198
2.8818358227834606
2.5331597155138463
2.733338690360229
3.0583376784163585
2.957851255305854
2.7500512980245397
2.9387919305130783
3.196204140347459
2.9706683243121956
2.579912119477681
3.0460294097000533
3.024081971504568
3.011360206285736
3.2236337621968563
2.7478421670460227
2.947450729895297
2.8465886398792217
3.2744345889264665
2.7636779305433428
2.829918662656309
2.64308787800357
2.567323728036172
3.3546850095391894
2.600028587960839
2.690837527969273
2.4900467656858964
2.8282351279959266
2.7682882657428554
2.7814652752631885
2.962219053402388
2.852597348577476
2.6267885186003017
3.064543344675056
2.9513881394091896
3.0175206229916434
2.8862346658643157
3.0860146225793423
3.265151553705406
2.865296744627037
3.0436424710268657
3.0661966392234117
2.8105429867611105
3.0860515166430598
2.74612245279268
2.7069516346497826
3.034167288445055
2.7264511404642158
2.979684840572339
2.8407418716246085
2.8980706045838662
2.9992306514495124
3.2349956987418143
3.0976674240451483
3.2259128360017195
2.8143298113491944
2.527289050146634
2.757871996058805
2.6209690093409996
2.4373879538874603
2.6437755313538385
3.2026927058503123
2.6388445257379654
2.9672607217152023
3.0015195218596755
2.728644698772192
3.105009339952489
3.1493114112985725
2.6869497760556142
3.0648321405969323
2.7501442645842276
2.7908228459507876
2.6362620196097453
2.8632842396308127
2.905113634498645
3.014221349337851
2.93738052223658
2.808598439506557
3.0939148406542283
2.844330022072782
2.8080666701543255
2.6181300503154166
3.0757761676885575
2.873799890925716
2.5460453191011347
2.8313748778262195
3.168778747693178
2.9534712576461937
2.4872775761967043
2.834709187590163
2.83932936276582
2.5030447381301313
3.0355006205799127
2.803378325871759
2.990846797989402
2.5997311258161444
2.977903558340375
3.0631275315777615
3.2179529968875262
2.9007921849393
2.8550818281796766
2.7133101274373015
2.6233362265962343
2.922272629172899
3.040080890928869
2.746730695562748
2.9341835212588823
3.1316833950049583
2.941176861741469
2.8505294959489205
2.697093267046405
2.3093954291877576
2.5560838454652703
2.9439554038483036
3.0722497887411833
2.7759827081573487
2.7608382662350333
3.0362174001940905
2.7144212677417237
2.5166190853064045
3.26863458821367
3.0954583979435624
2.363095025942016
2.6330311305514447
2.7845490238735744
3.2755489396632567
2.995422116841586
2.7942726744772513
3.007492906537524
2.7075382290210803
3.125332186053713
2.8153826025256348
3.377839635550873
2.8518563239763823
3.003770018344524
2.6658002854836895
2.4196612880740624
2.9447671663103967
3.4656779660403436
3.12872559467523
2.4719638353395945
2.8305557575066973
3.0484025066610934
3.038543553720434
2.9159040512996834
2.7100347088707215
3.074718360902399
2.7413461752167247
2.830390883523466
3.024314147371456
2.7268599974401386
3.0717506637045435
2.4099460812718525
2.973422542908519
2.7775303126895827
2.8016173066426653
2.823487542263325
2.5250738820296292
2.709950522855405
2.9495536792613257
2.763845619676466
3.218091384505453
2.6377764580910563
2.9366697134993296
2.7871716839207115
