5.568805837817268
5.785335134327563
5.909533292188717
5.6457587663677815
5.83225041342496
5.321962581771301
5.705181632213368
5.392854283615009
5.713935459629116
5.672502739553285
5.668273220064846
5.702266214708862
6.081116313557023
5.5256214284882255
6.050955899683902
5.436894891964896
6.031361826044054
5.670640844675766
5.879922764337046
6.056295233603226
5.517878755423938
5.791626256831915
6.441541034883264
6.085400610978689
5.703928674240925
5.675760700769318
6.250686190364779
5.5836049980725475
5.946437590117165
6.457056825094346
6.177576059241131
5.287557304196765
5.5974972308048425
5.942520090590613
5.937770392175387
6.064649799707246
5.951145804870298
5.368918932546187
5.952422536521201
5.58408355981136
5.548576828815746
5.426277041936275
5.534650690562694
6.1014458399998865
5.562869219084028
5.424691564623745
5.691041286156723
5.698596117603398
5.565298953835467
5.602501280513854
5.888877077797407
5.8724155359231975
5.505764106867137
5.690338744065664
5.981667292557039
5.825205594205676
6.086113609105865
5.942652184482165
5.7049277224613775
5.483850584582581
5.6400140259555815
5.489471709890677
5.929661550024486
5.491882528712551
5.818757679294328
5.698273246653495
5.449861714655908
5.613543939494446
5.87637594757832
5.710604594564382
5.6957927944242615
5.987857808301579
5.861442441836218
5.792878700327246
5.9627000037208555
5.438668443878047
5.314007417235653
5.732811506601204
5.919961348563896
6.113141353276662
5.6886678544062175
5.930524476789643
5.843646266504551
5.814413220614173
6.157969847582273
5.534743909501194
6.191511829471889
5.687329217160833
5.780935075539813
5.31816324194278
5.787220103605995
5.574112267277174
5.914178734560418
5.971796984511731
5.666733423665291
5.856617112957969
5.9529895740936825
5.637395431198161
6.1570515497846126
5.618671721971815
5.811245536188354
5.93585295739833
5.622617398945809
6.097816670576217
5.891394665220333
5.722973893895519
5.669066020450334
5.667883113641222
5.891721358085848
5.828498755220421
5.64079270685884
5.756782802586193
5.673895168406016
5.708034048914185
5.7297495575540704
5.685008613833055
5.4191515833311295
5.520991873345805
5.8720367944142895
5.858410399367235
6.201067892071738
5.343031347770347
5.305905052851273
5.40185081899324
5.6749710584134645
5.59471140062903
6.004953451637187
5.906311882996381
5.730087718708233
5.827152262733016
5.541260410970764
5.6206053858516425
5.555549075029812
5.690106140643408
5.313404467289773
5.516407812553887
5.5842912214688605
6.018400421116304
5.732549346727357
5.988447994307136
5.683141565909283
5.4856221896981445
5.785494225027228
5.635112515656363
5.846938554225145
6.187919334303522
5.611754024225149
5.5167600742581255
5.7883239240596405
5.375600270189919
5.740207109709913
5.821713558561781
6.008595160449761
5.885696604038328
5.405336802906303
5.812546707037013
6.026267058681054
6.011966106233167
5.808736245438334
5.602475216688347
5.695017622361142
5.684777637331572
5.7516761921418595
5.569052724870529
5.730128579490374
5.614005383302036
5.9999588059370685
5.608676411373405
5.71260110175197
6.24453964821393
5.782689706371626
5.391328738676721
5.845709981420701
4.9292291808767
6.05955356365998
5.705252746404737
5.611441524628576
5.640758095050654
5.901590207530106
5.93705681190998
5.477117178378511
5.803375701110938
5.7684955459932485
6.013383163270997
5.866163809259445
5.552764887277926
5.762955134978882
5.888512046418722
5.878515260289207
5.480888512668607
5.391903773594806
5.439119533467416
5.8284080165435945
6.101760337692242
5.32772719773976
5.991913055503688
5.456801884698259
5.621539295445998
5.678552044013724
5.648858470092751
5.711809828989363
5.692196578545939
5.94583591793191
5.965359728025576
5.65735487498239
6.103851281457829
5.969275667857354
5.788049250550073
5.7947339370235635
5.906034597971065
5.975707330948575
5.711719410293718
5.396296208551308
5.970836239492849
6.175812314498901
5.676491976345761
5.512388792570929
5.589185919717908
6.397171086053337
5.607178605679968
5.498462485763472
5.912490586882334
5.849386418947333
5.8770276198695734
5.774526890489048
5.318761997844919
5.84008111144665
5.4403072704182645
5.3995717976260265
5.859109078319234
5.910741979092109
5.743592704618409
5.544541074495464
5.626358692910247
5.942442462001655
6.589295615000204
5.9346727964371535
5.674557040774115
5.738879020979415
5.555290367770934
5.7307964249185925
5.6761596452603955
5.6412143361748335
5.892659270553384
5.279390364320135
5.408218656546066
5.548248138059439
5.082806771889124
5.5237431731677615
6.040013169312926
5.894241044080279
5.4909555622076365
5.695416723001485
5.879124889212763
6.270928336095831
5.653336185651072
5.589207862306004
5.741858750072814
5.616444341927847
5.5563370874288625
5.8908336136198605
6.066639296251117
5.412271409888494
5.794991786632279
6.065349341274731
5.7798270145983945
5.466511038661303
5.399716791801656
6.24221464435542
6.023167208496189
5.790980031624868
6.083912340603179
5.656408721959192
5.555101689156286
5.35125842719562
5.553226728941471
6.074725726760362
5.725597134644802
6.022811159077055
5.402756386408592
6.189430309499457
5.614528881771415
5.725050032025436
6.037817272643865
6.010330462541907
5.834703369110798
5.60912068411044
5.922113043899385
5.417385345653395
5.485257421130956
5.408564058276815
5.491726913727031
6.104263094861214
6.049062882088362
5.447450037469937
5.6828700575262445
5.6815086753944035
6.0623533802132785
5.547669287732525
5.993506594675358
6.037262271232252
5.919252848383096
6.0724931757682254
5.683964671960072
6.044631675141823
5.685739693008715
5.767464594161442
5.774687583976813
5.29807978833873
5.773655609537228
5.911950797478186
5.276248637314605
5.42706431871828
5.682849213384104
6.047385523756807
5.373179436702807
5.765384896107332
5.875520889392246
5.930678633159406
5.8788265774003
5.516130478495932
6.062230311474188
5.409121676525994
5.765054527995636
6.025216456634665
5.775061000872965
6.275549327403248
5.397921254317547
5.6227590975197845
5.989418443303018
5.8652027007977035
5.6434513078157975
5.813837530609014
5.332221475784597
6.125284295983776
5.410449804589959
5.732566008128997
6.0030979908682385
5.32080066289688
5.487272503637862
5.731442865724458
5.815722012924606
6.122068861603705
5.519093448271385
5.765159246364651
5.939524304346852
5.762990806838401
5.6393208580956244
5.581592865809928
5.705894325872027
5.394885287020984
5.525345883189372
5.856228268656926
5.929703912848437
6.126136661330529
5.907832008010219
5.5276853081066415
5.99727043244824
5.675673506515175
6.104245604635314
5.791663273052365
5.770218445711324
5.491750099601232
5.748887887801683
5.856815235705148
6.045079631442319
5.506881799268784
6.1084913456304735
5.527920769093065
5.765248369357044
5.550653131597106
5.614283537976384
5.785104157192296
5.919228773593636
5.722525240392129
5.696802673151703
5.6311054657597115
5.903770745621142
5.867269922367934
6.14918235184931
5.458758282375388
6.252491467171767
5.806291255298152
5.721591800738696
5.392685486449094
5.389524911082077
5.572468809679447
6.050884247524072
6.103803809645504
5.783151584262959
6.135661123727302
5.466481232093181
5.659794344025366
6.212304084143327
5.82981517746616
5.8646625085253445
6.015300174616062
5.942120514303879
5.604841926868398
5.680860298109802
5.573729921686371
5.865526287731384
5.673151510018483
5.71365953802282
5.454567842886733
5.620123338990472
5.780743673265188
5.844674343267951
5.822456571246877
5.597007192594223
5.838480397429802
5.691799166683239
6.121436648601803
5.877274954442393
6.039412421697559
5.75453357561364
5.519171354588836
5.85404271916868
5.608546973334904
5.841871573160002
5.9720001062183705
5.648760414079738
6.154845223304639
5.824574289892269
6.025943744121569
5.964272663078213
6.133073208660965
5.878403544035491
5.52815991961458
5.982254388062926
5.7236189776090844
5.938001409344646
5.7697589567657195
6.050466024678887
5.58946161583978
6.023520527256239
6.230161814585339
6.0673432227257855
6.081585232054497
6.114336724044207
5.972992285842126
5.702981305204623
5.9861660436540305
5.5927440390746685
6.3299022376315985
6.237865872333027
5.5876792508087085
6.104535814127383
5.554089036826091
5.61385146104984
5.4350503201340095
5.599559148081924
6.148315749110974
5.9709481844383445
5.43157787549696
6.033813038360243
5.586948822875605
5.44586775282521
5.502274375605225
5.747493289513447
6.061163704367346
5.770342829238133
5.677589462499684
6.206670489389897
6.048336390158414
5.5876868857197985
6.001971837843753
5.78141035242778
5.657623873090954
5.942202466419217
5.688694849890632
5.513193344758893
5.655297505994127
5.2008416258749195
5.753275725170891
5.258513605588227
6.1533406156595065
5.742320030259064
5.967476990686639
5.24866524585154
6.004953132970636
5.846797213138999
5.572564375801295
5.852812235266758
5.465269377610309
6.013273995903986
5.7435828261975015
5.476156219889343
5.858134993818448
5.677881156299234
5.696468707735345
5.869090741412193
5.5720644549719855
5.965109950158968
6.319567212160327
5.7164402836457775
5.652105411521757
5.660954916841163
5.695625609458659
5.829118420543837
5.658439812584754
5.5588554889176
5.653215401850998
5.480192653708352
5.7843982257827555
5.901261827427766
5.688991639220545
6.252847436934963
5.528732103763424
5.883935060500157
5.800544240288568
5.506725415666945
5.696213987075236
5.58949858346869
6.02656688856421
5.7489460806159105
5.222100743069768
5.624500481128747
6.22869608740807
5.786555847271029
6.227861172706467
5.890134701071807
5.3797741662126555
5.892774888390885
5.706422416158279
5.30192082695753
5.564320877841015
5.949405596366961
6.14965972798505
5.839683518640717
5.956652801513608
5.800814842536511
5.891918245478837
5.960213162944439
5.664679831319296
5.320907434346032
5.684600305680913
6.1380235585377685
5.938260720524776
6.0037172482435945
5.871612147300203
6.09314389841374
5.89136066160786
5.859237356752895
5.98839007251256
5.930081937140286
5.7291091414765996
5.832373556220743
6.076462477479834
5.739961116522294
5.791954757976044
6.019745913869288
5.707362603239088
5.874710232148797
6.115723407632101
5.871932746445003
5.077548915821347
5.345346340832594
6.4020393904057284
5.804097104448359
5.557996184236868
5.6752189574418095
5.940654844889022
6.16445198861677
5.7378052759954095
5.525360132275961
5.6627764066670245
6.081920520744522
5.739954966764858
5.6651034272396155
5.08905347038853
5.504294460616202
5.422104229100572
5.918986576172853
5.291977890771079
5.311997164168735
5.946262044374452
6.220128511210341
5.711179642264686
6.043692930181386
5.266313287981788
5.86139977400754
5.480594113351166
5.727162796925691
6.114765545980599
6.12742390983373
5.930949287077172
5.704729815469253
6.270736924744825
5.929815134742611
5.54094460975681
5.959917170197055
5.669452360620051
5.691250584139643
5.638080410760072
5.5953008193093305
6.104668918022417
5.6564442429625235
5.824119006861343
5.864859111139104
5.552146463470215
6.011652166873172
5.6392366906344265
5.937246589292288
5.794703114708819
5.742711445322683
5.841077241819979
5.939344898603015
5.268816478472119
5.649309825202657
5.60950051093011
5.114936725459053
5.312170286738704
5.752346217206811
5.657898789855218
5.668061903011641
6.147114217775194
5.376237570681298
5.489388991990577
5.918997343287846
5.7010920235664075
5.448137085004647
5.731728045332433
5.614318490295956
5.91978348176273
5.216889088718897
5.920386671026129
5.8748429766144294
5.77981668754762
5.796544732730445
5.828414920505064
5.585344608922263
5.856746019772452
5.673418535054397
5.112795047826401
5.8992254469146665
5.3925884529169625
6.1123760455653775
5.915443591132372
5.868705552114321
5.549692303447771
5.701478485381698
6.1246774893767375
5.789643832147629
5.904405637957587
5.901163439576418
5.468960965597646
5.75035754354138
5.4871137645979795
5.8099725601406895
5.670638986918273
5.0350012389040755
5.902051813201111
6.010585955956851
5.778989124555742
5.787382232785479
5.7790092030531195
5.777836877034414
5.967427323094287
5.788121505411942
5.904870150064278
5.661399231538565
5.611906810133619
5.948690951003789
5.916036276343174
5.21637407647536
5.696532750589476
6.005892845971071
5.739822527355059
5.664515422963498
5.952778989365584
5.776302898573695
5.709656617420533
5.689007759586497
5.447207430599105
5.923255631940989
5.880378340180736
6.095705782493086
5.926572857433358
5.577153189515618
5.389948951711264
5.7964504209772185
5.905661937298691
5.6955863063472245
6.022329849884832
6.184891314372042
5.9352943062739625
5.361006460011304
5.551366243227988
5.762588835631081
5.806729630781361
5.631714764699516
6.200110536292161
5.595410536579126
5.351314386794316
5.395440490832595
5.653837088613301
5.720007297541549
5.760674936116861
5.696715348467849
5.888117086716882
5.889551703439219
5.683654508820577
5.422178405860975
6.139983929775385
5.795612195898544
5.791442360394669
5.749339516182318
5.7308482940274725
5.668833868956823
5.87334432812636
6.168677863950274
5.906057679169353
5.641905229777928
5.506234875019555
6.0289176974669
5.8747890478942075
5.535491684465307
5.793784017273811
5.86837829739152
5.801321294410185
5.495128646239963
5.8932375112013675
5.728041533457764
5.902795816139472
5.8344731947217054
5.6023492115784075
5.748666378718323
5.790637522584466
5.399483655035874
6.264855837955003
5.408719149166328
5.596530801970326
5.488968249297306
6.1783612265221945
5.392035342741596
5.6330595806582116
5.24181482602073
5.554117207746829
5.935250710251542
5.885300550373592
5.666296467919464
5.850456216088657
5.592732104912345
5.893132229367247
5.835598156889283
5.943062930877345
5.645409367108113
5.862919171856467
5.788008596350126
6.312122733766337
5.530838099309685
5.890224106818334
5.818766916480099
6.042324801915528
5.733270737897754
5.426249251440146
5.865953535767454
5.786814268823311
6.100590667553824
6.328650120280874
5.701451630063586
5.82137047226634
5.719399245049058
5.828913108026139
5.826232671889553
5.623267594327646
5.270807835809683
5.67953812324715
6.088352622878734
5.651242524461894
5.882562000547347
5.531801257335174
5.935927969318136
5.244159665690139
6.070874886281489
5.551631131422428
6.218697107805462
5.884533661676325
5.344139474292174
5.542714052922656
6.395468026787586
5.571068089381353
5.7964724235666605
5.787040369757034
6.056355589709128
6.125809817965084
5.601761249893616
5.606298761064336
5.281311822148993
5.622710634321968
6.061985587586503
5.538593480674865
5.948078135025453
5.930356555713457
5.594147206292151
5.30487013118235
5.29276831581074
5.557728395590142
6.121970940621735
6.053709931289108
6.043109126440387
5.596336317854261
5.787676673530676
5.585839809782278
5.587331162949554
5.960707465870401
5.271988197758012
6.027737069198516
5.582178959802834
5.914053431441652
5.733220523660242
5.592527559411469
5.743689365733956
5.803686617698926
5.657224906990458
5.959379563139756
5.22058233043541
5.373653032584598
6.094722424823332
5.890779592625164
6.046784899606906
5.934258023093116
5.3173041846316345
6.095149375862153
6.332058411707252
5.713823361010407
5.975436877950362
5.759551345533898
5.578960819443503
6.163859090683279
6.074163207189767
5.594550553062068
5.7353550528847475
5.879197406305296
5.865942886345238
5.462053441489462
5.739311938816546
5.6330715577872095
5.386489059246279
5.786661092920679
5.425961327731653
6.270546346008271
5.543995216584841
6.176196230538502
6.0487687818018925
5.886486235594702
5.852368612683501
5.693012542758089
5.559885098047508
5.659749303426073
5.6909041690905475
5.450780746862179
5.559721482949943
5.395839602573141
5.686793991826028
5.79349651979904
5.831446537157467
6.007283716123965
6.034982256947031
6.035704619621098
5.925539025185848
5.790838704324997
5.709410756270567
5.800816211917939
5.80186322580114
5.9948659958951716
5.61369024033289
5.76808397113976
5.811077804125115
5.923265340295192
5.6726021094969505
6.191994115140842
5.927668648206977
6.138029370260173
5.651405510628271
6.194313608082091
5.483498745221539
5.911193215976872
5.9685523418283815
5.609227513041455
6.09677430362826
6.284293833592195
5.843974528956612
5.4352771350688265
6.188989964799865
5.498123548339896
5.980019446266019
5.712907751734082
5.643706371432596
5.766474843721745
5.462633143493777
5.973907571078646
5.947086103563118
5.722026426164707
5.756180873736242
5.990064896435059
5.784772511029222
5.655652064472264
5.468367261319055
5.809750001504069
6.1746012673204325
5.938424927083136
5.309165661253986
5.526342957621925
5.720471764454511
5.696110177022747
5.830789730587864
5.757237768746297
5.300479340254318
5.973376768092896
5.661879026300469
5.931152555224798
6.126794429523356
5.644597414495476
5.730457826201625
5.9360560425342115
5.926038968552065
5.56203668127979
5.74772024000666
5.828563624419229
5.55098757945826
5.924368568110921
5.600294002802578
5.837479550539879
5.662382599423779
6.248508398706944
5.610335211490411
5.636776894740158
5.75376092779493
5.784158936277678
5.996110982469829
6.217922067577221
6.229615591800413
5.461185603111422
5.719813899117488
6.003357315205979
5.5172814221980815
5.969736044585493
6.021775033219532
5.811240508080823
5.396488899164214
5.956957341295307
6.183474300301388
5.362583698321608
5.797512446679882
5.856961953157692
5.820669281702798
5.887654408508401
6.104510433237169
5.920313275962049
5.879046615924002
5.794323669479252
5.980782522775869
5.841857137461614
5.969069872144446
5.508541095794524
5.57746323473405
5.751151975108871
5.578947756260469
5.636881171677543
5.646630048611043
5.924098975699821
5.8082632162608325
5.449205572831139
5.774696376190225
6.163102655787314
5.621792972518291
5.686526892488113
5.744336548909966
5.838912226300658
6.1067598751449035
5.754724559892491
5.726075854156583
5.431407909875254
5.9051878680994045
5.708231859199181
5.908152917736533
5.823270767025418
5.9865701729080625
5.849897865547822
6.16505551872234
5.943183669244071
5.7488280050389315
5.783111349568987
5.926942316369319
5.982922662744258
5.9330407012069815
5.653074285992673
5.53383989258674
5.577642798465605
5.815844256625855
6.032894363175251
5.6022972087378715
5.546532761202212
5.662737744630686
5.5062591835511565
5.3072278982178585
5.7563239230392735
5.771106637209378
