0.6987236844298369
0.22378231685150862
1.0851283316730336
0.7727727683216443
0.4315537568221346
0.45032434159215884
0.49278128812476074
0.8418097520590073
0.2329941217691025
0.9195018178953959
0.37774767435733986
0.5215165391877858
0.3393333163942649
0.4123519779445865
0.9705625271068596
0.31845451331044533
0.7585155099958443
0.6571849073058474
0.4772419893277576
0.49146714371318406
0.5670394549907
0.457057208763076
0.16003067833059684
0.7702499490717558
0.5567466341583499
1.141165028615907
0.43941697420345366
0.3350763762476115
0.7505852663389585
0.5454593160355722
0.5069898398883432
0.7726697861799816
0.6475461974417418
0.3155802743964825
0.5391086732386476
1.0959644746200563
0.4969039036810001
0.9083617902643408
0.5454122038198608
0.0989519540781073
0.4997284313139528
0.04673992613274946
0.6125675738728161
0.2636554380030076
0.4724776110554706
0.40837652951230613
0.9015262000772748
0.35425400261794615
0.5383353257887546
0.4210398170894355
0.5759161787227084
0.36668702092608996
0.5958167354714906
0.8262113764219751
0.45337209499972914
0.6031846181131432
0.4274154858319746
0.15251652114346062
0.7873426307360127
0.7518817347345175
0.8351409722111184
0.6307144277827771
0.18110759114286454
0.7563870935894215
0.26504315705471493
0.45752397109716453
0.43743158924620945
0.7048236813024761
0.7151303684582484
0.08561326643671861
0.37634328013477075
0.16068903183643116
0.6023200117858121
0.45804712284150295
0.9026429787824622
0.8987190756345478
0.5432915821705986
0.7072693594243082
0.07356969226253902
0.1878105132832171
0.8706609844432628
0.2785286253185575
0.37899760126685644
0.6653938229843872
0.8352312453395377
1.090300350822402
0.6835357661009862
0.3205330018160377
0.8053509729765488
0.7012913159064005
0.813465236140545
0.7507644348539019
0.4711783546453623
0.7378064831513647
0.6829996118223917
0.6712514343783058
0.3811310888924809
1.0312138606256547
0.5037915272128033
0.7258855991710483
0.1508379089475612
0.6879974558858083
0.17702644751340768
0.7739291625563934
0.4701931314622797
0.06281734008307549
0.5758842637470527
0.5070423317088549
0.4196935626767797
0.6772346422423462
0.9118989241918701
0.5346840152697089
0.5596118808970809
0.28105227578739284
0.41028187506388414
0.1137739701151195
0.3779385124780946
0.27768988839422587
0.5879252616116476
0.2442943257391623
0.43296364642301416
0.5450692663775171
0.906927615946342
0.32628792879309115
0.0970164551050504
0.9795349740035777
0.045808292755129015
0.7901214854961055
0.7037688330709311
0.4761285846778386
0.3721055990211532
0.4598069253764386
0.6402101519125015
0.4926009844642291
0.050616608148123673
0.7253107433099504
0.7053083044029765
0.09450391262906833
0.2816099237945802
0.4969023279625442
0.12907299141951056
0.5011156864274555
0.8448578536227881
0.5414088729984231
0.18562939796960834
1.213592035640518
0.27832094123444895
0.7097952957866346
0.3712093135602258
0.4178694766514193
0.8649477554605676
0.3999697700626906
0.18351350607008113
0.8017416483986202
0.6879409872151053
0.7439909116998641
0.3095837196626479
0.20059948923786114
0.8668059474946265
0.9243245891853143
0.6796524733740641
0.09813821715682709
0.03951960964106118
0.6968024733130009
0.24824579408891395
0.07335623106487327
0.8348910929048055
0.6961106640900336
0.8402362736556903
0.5310618014618215
0.7579053672097884
0.4384927815607342
0.5903946824905739
0.5997954190490773
0.34308088705736384
0.3733276350989853
0.17664875483856557
0.44667989889405174
0.8755381939872937
0.7322423134134588
0.9353372812591634
0.8398281522863584
0.25625895399315907
0.25683405930760744
0.21656302634172903
0.09443940943844058
0.4450141190029638
0.9397220689065833
0.22429143366393137
0.4542865431262974
0.3266428402245213
0.24535383800173619
0.5813068626813689
0.5485327079324627
0.28414572587012127
0.8711172931683341
0.11446036508622524
0.5156771410170029
0.6082716099424192
0.44358310148627667
0.7606324866428646
0.17145138385929376
0.4130356648302937
0.6731414538700502
0.050840562132095445
0.92334454002885
0.07390861505564297
0.8433387433881795
0.42001754967615684
0.48441790456611644
1.0087758036149894
0.3941312789997811
0.41686438106336254
0.8520463915580287
0.8209681012259781
0.045838167762280925
0.7106947770082297
0.3585212366788332
0.5416707629689798
0.4640116456796614
0.29301745659987205
0.24859282500827853
0.9868442455531344
0.8511511236879378
0.6821544883170196
0.5322845580923948
0.37625611706292394
0.35995231784233644
0.39406701808450995
0.37255426188233304
0.9501711548829166
1.0292411759772606
0.17736007020298933
0.6043868107770445
0.36933891212454195
0.29192332453579795
0.6546937087227155
0.49514607142515327
0.04399036667119651
0.14499489635149154
0.06988696681531895
0.6473763217100136
0.6165371661140823
0.2083056471675951
0.7364247324380205
0.38671584178560914
0.15346419997388944
0.6724700568648642
0.5591179698496808
0.6363777023014198
0.17744947602459551
0.8979937655709267
0.4746211869436369
0.4298797088133537
0.21217126534359435
0.5424770282865893
0.24324032537335716
0.32657905704355916
0.8848151472666684
0.4470449669305562
0.6735384592963957
0.19123010406188923
0.2982432754508773
0.8604573251978288
0.9704344155950964
0.5915656872472779
0.16530355347040043
0.9064414520478545
0.49429246964077533
0.7672696076689705
0.07006958432232602
0.48144962119557966
0.40343380807231777
0.23897056218989687
0.21207599452265682
0.2621419242404273
0.22320508979075032
0.327577192124223
0.5691705030413945
0.5727987880098536
0.7387998572454484
0.3677618187312561
0.4034287718135053
0.8861431410222421
0.6246123483594601
0.06016449145482249
0.4362157772607513
0.34543664817244585
0.44045938597894163
0.6491814600468654
0.8096945915111963
0.4577251473539768
0.6192293515340828
0.6815560091492147
0.1940181561758755
0.5853345471653048
0.8027407851190951
0.41449638712422865
0.30400444577470426
0.6707408965256904
0.5440353451651615
0.5407001807335917
0.471615305246093
0.4465191638210966
0.5642473729652104
0.7837626478389094
0.5438012198750521
0.8282290950138922
0.5771726262739655
0.5054529588105499
0.5865772626828019
0.651766072547677
0.916552654524832
0.40466390091498616
0.5147271718890182
0.835324866797771
0.30858756405054016
0.543169429671319
0.8603450349617882
0.7539083445326953
0.29967595933062213
0.9245106297296133
0.6373434506399143
0.6229904266091014
0.4670519541554659
0.5887060208159868
0.905943763408755
0.5563807274966563
0.9047965785636495
0.46687222002252
0.4580120055967446
0.23265980851481913
1.0660215925675138
0.6816434779030756
0.18093516001299328
0.28145883148326517
0.545381090210288
0.16961187082767076
0.41026367498122407
0.13914011703672446
0.695561186790989
0.6044283051345469
0.3041318574883246
0.49858284111907897
0.8653054969212383
0.4512070662492916
0.7032383831112916
0.9819611930568335
0.29412728832151747
0.503931354446385
0.3871917652975578
0.358590988605735
0.6646013936526264
0.9048205620116173
0.1256632104412294
0.9650045821173795
0.6586066428421155
1.03256029093357
0.6382258732181959
0.7307029501428202
0.7103452266494877
0.5242266572820868
0.9037405439272037
0.8143701608989273
0.6425615900207564
0.464695410223583
0.32590815916297644
0.6456408091322553
0.5665360864926431
0.09643117524714141
0.6325858232261871
0.4948862958397761
0.3593265590698513
0.2313421729423669
0.15369298317974237
0.9041003917896616
0.5034642651252927
0.405930220090651
0.884854205851235
0.6997510594739724
0.29355310355917075
0.7936940975664891
1.0204361681740872
0.049682164380552556
0.13472664143955193
0.6546919102778341
0.7122935787730367
0.30506300403708014
0.9036653837933214
0.35344723594320004
0.11306624139123045
0.32938439502961747
0.5894349859694007
0.35057697971403173
0.2384418816559771
0.8335977750988248
0.13104518717027175
0.14887810177953043
0.6306952141518413
0.3871938387900895
0.6955845824435966
0.5856899757531073
0.20715050319498574
0.5776252880278198
0.40447925095815934
0.3781009165490844
0.5647046457088635
0.7284559110839849
0.68947588550533
1.0156581729519563
0.9503340987148658
0.7357287744934172
0.3626458039666783
0.25079054454356847
0.44726355502206827
0.6250398767832726
0.18370097362474724
0.588995802101658
0.5517011572606968
0.6459108482517248
0.34447109996960124
0.2544335008164637
0.4606545904808278
0.3175002144395081
0.9355959826185901
0.2526962833551181
0.6926994114147431
0.6743762331869114
0.23655201855259583
0.8542609863297567
0.7833086658016891
0.382520561819928
0.5881374319371014
0.5515072315237498
0.5651203482847954
0.8804454769200214
0.2749826837011023
0.30098790182012924
0.26133463554108155
0.40416723478319994
0.464671743118776
0.4840519788639317
0.1019074654513228
0.5179069889159916
0.6569078721883401
0.46714721468092263
0.23878276977600504
0.7598112367912813
0.2209429659590738
0.13009324284393994
0.7331577395187948
0.8745995358340765
0.6767934171383572
0.9344858708448548
0.7242211324419607
0.19946910740836163
0.5043341699222431
0.5967081879689825
0.7077206546882812
0.19225022673430464
0.22879664681251896
0.783089452733899
0.5384222664072801
0.10547835855276205
0.4735758738093879
0.34311481070212424
0.3100971918405226
0.7469454169237973
0.08346348743698706
0.7294912061898114
0.6737638221739558
0.4384028476422305
0.16046231683082168
0.47362116841853213
0.48847612793959555
0.3584171256160303
0.6392418836928748
0.10952718622552006
0.23941022001775633
0.4157843814676546
0.41963850230585614
0.29568404268997234
0.6797524054688312
0.2896436366032573
0.42516036983931765
0.3015702237886502
0.597142898774074
0.9204670090071795
1.0842513034858134
0.7150363190234216
0.281003796817655
0.13207883611117033
0.5323889325758326
0.9775354638210549
0.7860358905542848
0.6685192520895697
0.807772544850966
0.6901710991582566
0.20715156364854115
0.5398157216089987
0.7971833198191628
0.2375095816219272
0.34758142452548596
0.2738776878013629
0.43092442957483373
0.4324641561522821
0.4701827962132254
0.2557040992224479
0.6865735712190931
0.3853224693116894
0.5369195982945194
0.42471440676394556
0.8055227474894515
0.32639098865123223
1.0367820231850589
0.6164632122693073
0.5263899324060147
0.10222913386366546
0.5923039794016918
0.42822903578327465
0.31658821955181504
0.04649214148286101
0.21442043924121593
0.4673038673399458
0.7988922937702202
0.4686135415406238
0.13828712645797153
0.663993406254636
0.8245084347646802
0.2974676674655034
0.26453285179295544
0.5818565958423851
0.44769929459381874
0.8282256132245178
0.5613994401551154
0.2604524201254869
0.4735548599754306
0.6183907823104422
0.3855062433725145
0.8242283301093093
0.39232776442733464
0.28622987439955727
0.629639943251747
0.5383985470394614
0.19981219323194976
0.7434296323456485
0.24492951195020848
0.46146816204540864
0.2952041489601971
0.9325570632258173
0.5678967674417198
0.892901271375831
0.6020739183555729
0.3049836957673976
0.5005853852431555
0.7143794111574907
0.6526828307414
0.6450048941170838
0.408829321301565
0.39529610037550944
0.41047551925355863
0.1894365804928295
0.10373599916140142
0.034065097387036114
0.7036080447577058
0.4558441237886982
0.21166365194335787
0.6749387370885517
0.8535717535371631
0.23678294107230918
0.35917876529196907
1.118625087232986
0.49749736185888777
0.1016598530165419
0.520830424508251
0.49822081030796406
0.49925845794103135
0.894440816324903
0.6784099500087789
0.848694818972582
0.3884882631357837
0.12063210772051094
0.3273111767418621
0.8592548544536853
0.38668483688003963
0.6244854598466018
0.7756862566288822
0.9255535645931235
0.49333473976726644
0.18948952775698769
0.7591061598361706
0.7244293132799189
0.4810378369161149
0.3222325243375502
0.21524131713879815
0.5336771680744142
0.21657563786450448
0.621917237492426
0.45249322936878805
0.17166484537375906
0.5799777833697402
0.28087628329103276
0.3932560570849119
0.7479184290217151
0.7211345565975242
0.34915295945671165
0.5844590487092128
0.5153407583817773
0.5140076300944779
0.31635757465137176
0.6001188561702854
1.1577053019541976
1.0358662404831744
0.7538264445062219
0.4707295464297698
0.16203678493376386
0.4885974345507072
0.4646173446147176
0.3930687952659166
0.2757922996889245
0.19635785690451218
0.34685609108761917
0.657297112961157
0.6304681737913027
0.5766972407245432
0.282317462303729
0.5618210814386043
0.11726660803548197
0.1509257607461115
0.6955780453908492
0.20864274426099266
0.4221651502655549
0.032589360862448666
0.2054233847841496
0.6543307275640831
0.2915824085916651
0.7196900071397362
0.6338039758703562
0.5091562486514772
0.6799645544158234
0.42774854580607735
0.2492562613313397
0.712353780439248
0.7911065776245417
0.2596834223317754
0.2994556939958165
0.6189576098674061
0.4721117293965068
0.7752657195961361
0.4877790619594287
1.0139395264418383
0.9663206621136681
0.6721162732367135
0.701544028668488
0.37047143305008473
0.5514603475497832
0.08096662826046275
0.8889210105639943
0.4088467449477639
0.38145234751658413
0.8840483539714654
0.6433510044192522
0.5074783299726717
0.6117483018429879
0.35183213441889055
0.8883182651285109
0.4150126658001085
0.11745033601839568
0.23292504509141307
0.3500698564813632
0.46391353932584894
0.3528977115853148
0.4579857275550231
0.8317004782475738
1.0208376245731996
0.6638572507872826
0.20503253823653744
1.0160718315919004
0.6076360807449963
0.26425171432848954
0.6356500571310824
0.7197814675155668
0.7638575373178911
0.6828386204323084
0.7999624726763815
0.4894070671061632
0.3070314616488529
0.8795072496152488
0.8914857494579744
0.7408767394488164
0.7134392480220355
0.6379579005227227
0.2565227614295353
0.4169024671335689
0.411585260640545
0.6038082426892153
0.43697826734463546
0.39699934039373175
0.038626326006049524
0.6926495274001082
0.6974495784386773
0.28845972560682304
0.4400050442443498
0.578078486937153
0.8599223334070425
1.066777408125836
0.40277771590884626
0.8995724451723928
0.7017500462905206
0.8101786710763096
0.3033042785159776
0.9101300504184028
0.35407058680533215
0.36730789638043915
0.3702380259544185
0.20228158716324413
0.24344842668760758
0.5435844037265996
0.5486101890344478
0.6074873834330012
0.6303891473581258
0.6705859488182121
0.7669779639081774
0.7035002411575559
0.3521705542169419
0.5326294108583906
0.5719623024641273
0.8045764152654107
0.46998333689520455
0.43231854646142526
0.601323474604398
0.6606859284439882
0.7708743907212099
0.8885051791505647
0.4501064788583725
0.44070479897419573
0.06030019435854957
0.35681816035685976
0.5739644467197297
0.3201910060987947
0.7533508066010969
0.7810854627590529
0.14367956605845775
0.44911019629191096
0.40382880332421367
0.31458265354196496
0.6105034695587
0.1612488686519617
0.8579740462806225
1.0653180634224648
0.6117378102427738
0.558929143120688
0.36697246232421055
0.21163383313621123
0.2852802602957072
0.724391950416852
0.6908881039379194
0.9396569448776547
0.5002044135680149
0.5373719012954095
0.12445808736906908
0.5424224644445497
0.436447792728487
0.9139792188427136
0.589838389510759
0.7905165873124063
0.48363957232144417
0.14326208683544872
0.5205140497867762
0.5565367314859863
0.24422919374117022
0.7376904308847151
0.9797597212487987
0.7653833631903675
0.5049095399183574
0.3459239702980926
0.76247156897507
0.5278563501569581
0.6985890557463598
0.6333541273033261
0.6234520729662095
0.9642332257584654
0.7056870186684817
0.7384130505342621
0.5829461602167335
0.6440320482097278
0.47675741673014044
0.8438672003944572
0.9570268385372914
0.39925707172089686
1.2047864749663457
0.3319649346307505
0.3619296062926799
0.15606709702337151
0.8995472658742875
0.5235607085233499
0.8914086215611948
0.8752659048656437
0.40949326775347955
0.729454154249183
0.32297361807012503
0.6848703641980759
0.4157438569121765
0.25872163330272735
0.4284965413481163
0.8134765288502819
0.13452825425764378
0.6713126404978325
0.6262992333888608
0.23434597448040193
0.3760782168583452
0.3704333537331403
0.4865424032653433
0.9948998164956587
0.4642349594552561
0.19834454010705785
0.3645350615723282
0.9668336096818121
0.8347913326265939
0.8808322133918661
0.3122551362001202
0.7785484528901458
0.7899273540566009
0.5125551290680871
0.6623837284774852
0.274332540597778
0.23889880406646055
0.13369407470185024
0.39180983003132125
0.2804201112714771
0.6268826382782958
0.693717749007072
0.25984562475143913
0.5762543081318922
0.8714074209696006
0.22440927952858714
0.678478088690026
0.4908461417316786
0.12532087336792574
0.7895665107803309
0.26289489137152594
0.6905578499254007
0.7324060250058624
0.8659857163829724
0.7453346873239416
0.10653478481467606
0.32261475679016516
0.7868818721116965
0.5707892370560905
0.6255577000346543
0.7247651470086247
0.19405517511209494
0.7203469984387619
0.30618932616280464
0.5551857872304591
0.4340659383288653
0.3119130896725939
0.43520099501605014
0.39080762100891914
0.39766911008882155
0.987666767519116
0.35372845928107677
0.3704708538074255
0.8769052951722924
0.5338916825393994
1.0098908246077294
0.6183558798116069
0.16540552957334864
0.18393495249034614
0.4392116411323339
0.46921789804010533
0.753908511140581
0.2543796086907345
0.16931731028002428
0.5027759158845501
0.19109244998934988
0.3272520217630226
0.6112528426129918
0.7546422150259321
0.03527124025277133
0.9166350211221399
0.23410527387730767
0.14363810630853027
0.690438820232445
0.7864260076138826
0.8984066707411283
0.6546027068036577
0.9745296664068446
0.22862469195300927
0.7764113375718962
0.2372503374464056
0.6341728788769585
0.22171655859788464
0.28019740638601354
0.33667102921845593
0.5249347507519361
0.6164606407555328
0.5957282655671841
0.8701420759512839
0.27820161733696974
0.896694292092641
0.580452067634144
0.4758356809719525
0.6042932204162976
0.905108824730673
0.9011382349429378
0.46893749133771956
0.2969130611618191
0.9065037696700979
0.49216510721203816
0.814430891134633
0.2299592778427926
0.5560985257490856
0.3949345670388062
0.7487126227628361
0.6389107904213522
0.857428867635014
0.8958784825974236
0.3683753538847195
0.35208532931189296
0.712370236989612
0.8126494791196331
0.8915519488390806
0.18741171007092813
0.8133282104789078
0.1855081999018866
0.14129568896384115
0.15402037889173997
0.4816229297312503
0.9133987095775978
0.12084545886920571
0.5474193189959728
0.265723106470523
0.3991630558244937
0.27674874795302656
0.7450362337143872
0.6597757872519918
0.6795637502101538
0.5547545027238818
0.2169975109252236
0.7458527878679811
0.5652650069449592
0.19640901027686355
0.511650873045351
0.22450130316907754
0.437356058512098
0.06159421228884983
0.49074303627277427
0.8211980853166339
0.921730130837416
0.6974149763148441
0.4453259791649153
0.6460213879576905
0.42785771121090055
0.6324346459822957
0.9832330990790329
0.7854608892356071
0.7935022504659973
0.2657638937518179
0.6291419090373477
0.802808604137826
0.5023688930044635
0.4202466965986101
0.35927622735028597
0.921471233650125
0.8112305387151089
1.1286019143012336
0.5064613893384876
0.5202243013105896
0.4344543657852552
0.08165546840876063
0.10222682651018276
0.24883747680118953
0.7987384059405215
0.8664260757408688
0.5520394121725326
0.5797427085613202
0.27667316288421273
0.17929878129688442
0.44571338238942004
0.712525403603821
0.36107685353560154
0.3338725138327906
0.11483062669311173
0.16261405296775183
0.3787166280457596
0.3766032048592305
1.0383665612253339
0.5044135355903522
0.6620530179566134
0.9030723840791762
0.15652191297729395
0.500639622784311
0.5385226747026354
0.581587935355524
0.19615888683021232
0.5658607341457792
1.0071199152597012
1.0768290082576342
0.648636253587933
