4.5881839941449005
5.08881280926775
5.2129856889116315
5.3388670819013315
5.142417062137523
5.0194769522805815
5.003636310690121
4.542070045151744
4.846908575264902
5.446590558133144
4.848937055243229
5.161819432279784
4.81944123268818
4.694356987394897
5.066154932617214
5.2786069479953515
4.767937072978971
5.362567994673024
4.843833350639372
5.035265636506166
4.8073457444841985
4.914185367806951
4.781834279167448
4.9504418230897596
4.924696599184015
5.087726843527172
4.701808341996791
4.933748366935526
5.152606586699701
4.608435056322734
4.766380135474605
5.135731797075856
4.923149816745252
4.961529967842739
5.112293077865202
4.8447241867692465
5.563556417897057
5.060484860136467
4.738995235650127
5.072849470840789
5.017965778664892
5.07426100819199
4.945804411888922
4.753813429717469
5.09984809829055
5.191758947977523
5.160204273042441
4.819297342611363
5.358723895156106
5.133796623138191
4.984597119226325
5.373168224594199
4.81999951076932
4.841534233005962
5.1780371387130595
4.880045331113658
4.7038069378080065
4.980735743358897
5.058250169700117
4.950178431123018
4.9874593573619
5.2371148187847085
5.024274543324788
5.07671776710716
5.049547468443587
4.939680774137026
4.843758468944732
5.097549196749244
5.045798466069233
4.48738344141911
4.755931179887624
5.020336063757796
5.013563495295252
5.010382413481355
4.565897765364678
4.733533303694443
4.976509196671746
4.798082077238443
4.782091699879224
4.917734653537341
4.923113112569744
4.7921464526405675
5.36554104897163
5.083190035478078
5.224523967075879
5.670605231988451
5.002295280542779
5.176720859782242
4.794789205435326
4.8530045759059375
4.980271519968305
4.934695377347215
5.064938002801172
4.871735867608298
4.99542492841906
4.348904706647328
5.366414785172865
5.484978438794271
5.005384893658823
5.030601924135811
4.914859642120825
4.654372479916282
5.002341338238927
5.007943109975574
5.213587488299848
4.967035305796686
5.075661578664591
4.553191119845076
5.173672269969149
5.249971990264156
5.015153855044897
5.356981220069478
5.145205396003811
5.199036256153945
4.84418566389312
4.998884866896801
4.50119866515454
5.070637133054912
5.532458695394879
5.205524278300431
5.374921768008163
4.876752738879887
5.002249075652855
5.464291571360856
4.773334712857862
4.626939618083857
5.237804511609148
5.091210574848206
5.208846687028913
5.127630894227365
4.959031594579677
4.81594173701359
5.197428425053797
4.844462938156917
4.78485873212431
4.64550137766192
5.376346058200673
4.853326979526794
4.944760839215326
5.305883512794027
4.895844711637511
4.999583576375646
4.319480842976643
4.776849767560321
5.442399800045626
4.853846562463502
5.175852537844861
5.189817401170485
5.2596635671273475
4.979593347824363
5.278343970600733
5.245441715601478
5.213115858945512
5.364006681244729
4.715934776290566
4.801381842902986
4.965355186803378
5.236247585321032
4.788204641945108
4.740758341756483
5.204242277776867
5.326859509143824
4.593394961631369
4.579718477138245
5.187213662536141
5.1029155363051455
4.743158505901025
5.183483623030091
4.472610899700238
5.042237164720935
5.321542354382936
5.063814882072518
4.5129566770166605
4.931964254172099
4.826328735511449
5.25587913372967
4.712909405792355
5.138647650311549
4.888528515266271
4.865239740016084
5.006225169306765
4.831130174213998
4.7752907126344795
5.54327682759525
4.658472009093765
4.351529656156045
4.705779472628435
5.132187614294801
4.694313912024567
5.352002925687755
5.1223770235804995
4.40330656892908
4.732463742442041
4.97498866803481
5.009004155699193
4.7297665705525205
4.948191914165767
4.918821438380757
5.275356843087527
5.22577295899162
4.750769628013087
4.5441342361269035
4.6964229925313905
5.169979409153021
5.013248829490982
5.348498458218424
5.021340983844566
4.9288731663567145
4.886428341590987
5.225329977071077
5.094994237295167
5.056184675900674
4.982166494985807
5.3196313116238265
4.659828919315304
4.992821306160917
4.952572458859573
4.961194404723613
5.226927327535425
4.915125769138372
4.282692390084745
5.146041800855347
5.182720928084279
4.746141326718206
4.7705848714768715
4.8559448487640395
4.963816173875092
4.9520635026653945
4.691963217264912
5.1678020960337685
4.766980518034057
5.038288031568847
4.760630723249891
4.979232177836637
5.264710744405402
4.5937115164216555
4.974743856561313
4.634311150897995
5.140329754360588
5.2399008264497855
4.838039062205478
4.839473827116047
5.228695609607806
5.0524870176438155
5.171338464378629
4.713366927209012
5.017518997817415
4.698071263577256
5.025081629586079
4.716736676247165
5.012024045252757
4.872897737072087
5.079677796874935
5.313197050622463
4.9920880771488845
4.882538291505586
4.968555124276315
4.461716718393462
4.796320715862729
5.498259411964472
5.228452957878554
4.81318618925484
5.215245857974585
4.512675894212995
4.99382820526165
5.050624116941767
5.200945292944198
4.503622718117426
4.662103839426396
4.3109795611962625
5.127917349909395
5.169059973499298
4.789416478582298
4.699237525546969
5.306219278573751
4.602013556353106
5.278715012046123
4.921100919920937
5.4259120401866765
4.949565089206167
5.052125035422056
4.9885285295312904
4.957225422418946
4.946699875662551
4.932410833529583
4.967076227344794
5.206492617949016
5.028582004254469
4.83530652703903
4.499475145311689
5.064660440291833
4.672004662185278
4.860100779439928
5.130011265835664
5.028400998154709
5.007121192541905
4.970188751927218
5.154245345962905
4.903789185590514
4.761005618875613
5.528350679649321
4.809647218171562
5.30550878304604
4.941726593833648
4.641987669545992
4.970340911640583
4.679894197923015
5.143861863684808
4.965902693433344
5.300146023659101
4.774001732200917
4.945703241356307
4.960132271793183
5.30889888448612
4.759970647819803
5.164547628340381
4.920036200933333
5.2429883898417895
4.9149308243577705
4.940383526244391
5.573835275247021
4.9777674567296435
5.369412815069729
5.077353654464935
5.17408106263047
5.167435818153085
4.991640394963431
5.292316138064999
5.187738626394843
4.524660459648557
4.870497427689986
4.913504873556148
5.069983114751194
5.3162667789397196
4.749813476598389
5.124940230472518
4.946022347212906
4.743021277057348
5.050283414188316
5.318392615184643
5.1675024650058035
5.2721962674741745
5.081165287516645
5.016838058708408
4.9252463622267175
5.165138044338941
5.466321065829596
5.021670547047196
5.239717640091651
4.856123562580205
5.150467306436567
5.1130700706271535
5.27059740923818
4.978594559303374
4.746015678960101
5.012371813712133
4.988744525945934
5.263995534696745
4.7771700518395415
5.2651965068474
4.82791422387009
4.776463519382216
4.9539496899840785
5.094334641726686
4.706001603892638
5.053528613771236
5.249178075425796
5.183036093963504
5.036381677974916
4.8646639480711595
5.19642317543637
4.890742215670778
4.577981516443171
5.389759092000599
5.13877235247711
4.971375808116341
5.21073459787363
5.172606435069492
4.957954411647116
5.242516208999627
4.97257149583164
5.157181930204064
4.953344925110134
5.090401337207157
5.152586589069453
4.835137815823382
4.997541461282886
5.627194226345571
5.150022312752685
4.902356286845469
5.106915106338232
5.061825006988671
5.098981533594076
4.869535605563591
4.923935343350038
4.862053722929834
5.020117814258324
4.9292239858999185
5.1026574111996235
4.635932082504066
5.0241498850424735
4.805543095707601
4.961345626493463
4.556062485983811
4.926231900213066
5.052100650509625
5.016757716582318
5.368581551453219
5.190749915478104
4.995423299862409
5.14650010475823
5.288303053040476
5.123382394351571
5.01793423586029
4.639612672606613
4.951801870871157
5.645927227670867
5.007949267814409
5.061066298963936
5.035635171896642
4.933324764602447
4.993543414640787
5.393332947542708
4.858927005296699
4.9179776528371
5.224504153266708
4.850651928900263
4.915528435641872
5.545451865144583
5.145229652351894
5.3642673158505545
5.159926016282112
4.804056837786334
5.1070606918261445
4.931085340535567
4.872717377047911
5.314866124724818
4.961396962034302
5.023911223192161
5.31123380078029
4.705870626907532
4.723982249294484
4.900895049292391
4.349648774039399
5.218271900399499
4.792115985947168
5.098377359803951
5.134356058908319
5.187021641516461
4.8767933105196315
4.773280584654926
5.223401150897771
4.997845832908201
5.280305488716247
5.063395833693999
4.64508734003746
5.166988671104892
5.20650196742118
4.606340989428433
5.118059766149756
5.020219595980252
5.015945138887643
4.968903061776113
4.884392693208916
4.948646892332672
5.286635226786017
4.901876694591385
4.900209624996035
4.236874388824724
4.735599584954892
5.26162850410611
5.332859335581798
4.8225083634090975
4.922633360434541
4.940454782996685
4.793806093738387
5.025140094933522
4.712201663788996
4.953760122533134
4.8015302731435705
5.275098561082437
4.630962931954319
5.3096769092685445
4.955367066428136
4.795293556601264
4.927911162026122
5.232314576244636
4.712924543575419
5.392654670472381
5.172959512573335
4.867475412630181
4.830540826669872
5.581040945666065
4.448696349793727
5.06962722868093
4.646395377043529
5.655871754038603
4.659099561517475
5.003834412134174
5.263998944531937
5.6940848347870245
4.756578885577547
5.471764500654582
4.853880357615821
4.708389537064921
5.107425713441491
5.058330607625025
4.779900206753628
5.235067994079721
5.285689418510475
5.1135112118674995
4.718575410928828
4.934392118814962
5.056620409779309
4.81554382341526
4.680095511278045
4.977584277429032
5.179632017577319
5.104524751800218
5.050846379400231
5.395072574609446
5.365292101788818
4.553407537709407
4.716139653725556
5.265744765707551
5.0881768255947994
5.028498828357177
4.79100763248837
5.059861770949326
5.2580616467908285
5.139795497397465
5.088883198559856
5.328477493359376
5.450944561996567
4.866485987605334
4.796604032056851
4.6556528578842755
5.033477949787274
4.428131712766044
5.07958970900645
4.997543031168373
5.325376251075933
4.869326636226903
5.086922032302526
4.5250760047026715
4.650578057967938
5.141557254666376
5.287067585075843
5.058272352556201
5.526033884408473
5.042495456352811
4.929054930558394
4.638168010438712
5.1976597982495605
4.884398547753851
4.814245932992203
5.066631440015879
4.625359326122302
4.871555312324958
5.243890066187731
5.270370230073673
4.842498462672703
5.09445532023222
5.093658757417124
4.782081126417465
4.947392232884444
4.960897722256315
5.050071625107057
4.539421702382863
5.199563644907236
5.018495486629134
5.010093420622428
5.223024259902672
5.265291821783586
4.800473175886374
5.164816264725038
5.227472246210832
4.6972701502195315
5.062526319663156
4.6249454856654815
5.378828445550558
5.125608493603863
5.212305851195391
4.648332811789439
5.41019724607819
4.7309062742559185
4.8760840981232665
4.893340621638343
5.021157681337063
4.8695186663496015
4.737632681559236
4.983128216612847
5.0442179173651205
4.726071969129389
4.825895817602894
4.683426706184857
4.948769114008999
5.682924094060916
5.036894185905822
4.955629052642064
4.792744628069998
5.099543763977011
5.392606002881424
5.152286566135256
5.130284653757714
4.987466646561407
5.353294593425598
5.020618910066788
5.309128580320448
5.086825400225728
5.194541174702791
5.14466425398458
4.891267586787653
4.854813603671822
4.782259094884288
4.775392382441787
5.050922545690025
5.264660119498972
5.065400000952673
4.881359420778076
4.8552535253432545
5.161886841404748
5.107074311235211
4.695891925872735
5.536415266523249
4.81295326334649
4.896977240509699
4.895071115987281
5.116374971740565
4.52107402044267
5.420108354424418
5.012019583263787
4.700947799124059
5.053379560775159
5.073203293167184
5.1442813440079505
4.858376137460865
5.133340481478118
4.753855947810589
4.653474310428975
5.134861724435836
4.867555091402281
4.666181495528362
4.768014318584487
4.679792630466829
4.801428983385232
5.066496331028633
4.860413343158909
5.222129158913965
5.324116374155146
4.923917161722175
4.504112800502233
5.00924998326734
4.987277312965399
4.570258592119518
5.433759868191881
5.123325730288867
5.126955804878042
5.319790221014958
5.208167760582723
5.325821484538678
5.291155608714404
5.030788119497682
4.611037353003367
5.082222859567067
5.183672233538221
5.546993948166993
5.1117344762971175
5.077330600129056
4.950348160691526
4.9137235797715
4.953747512090659
4.642049974625618
5.020826775732746
5.244150802170675
4.93299697732494
5.198052447762965
5.364846830028532
5.1566128903975335
5.5578779883364575
5.015330629912046
4.980082655462072
4.648581439536302
5.0407685024284135
4.994161492228084
5.1611345738436505
4.8140441347406355
4.956527466527811
4.985528492591154
5.051644006560166
5.52589079014782
4.882592582346357
5.132850703951753
5.319831711681352
4.890497376084263
5.726554610908938
5.195775271524121
4.619949372727728
4.955463898674695
5.242127536026724
5.170243964719383
4.635582230858472
4.8115659455653725
4.736385493324881
4.883168308246946
4.810272413818793
4.823652062994064
4.911560531435939
4.796429745261319
4.841099828911499
4.847119904831649
4.9247042984567795
4.88501414434496
5.379003455057404
4.852564069697473
4.987786399888151
4.659668141752847
4.980833706404702
4.726997572304519
4.926893172792339
5.091942605018045
5.167014204586648
5.027067048907143
4.806420666227812
5.432931590703201
5.004820200874049
4.8052009685028745
5.166838967482123
4.881896871966901
4.673441532595138
5.2796316733919015
4.685409042763995
5.2173486885195555
4.841726737640918
5.024075635806827
5.2328632687909815
4.494173373946523
4.9679382141888615
4.9023507098742565
4.880477173378665
4.935566873546041
4.732337871485241
5.207618220058252
5.431052654623598
5.052412273362588
4.743195070122163
4.656605747393571
5.177182473917436
5.199984205489064
5.3856548393234425
5.027318824623398
4.716936189281329
5.166469188887404
4.766377275040742
5.6248746250429
5.092092801776898
4.99028842918275
5.190108737827398
4.724540884019536
5.188431863788477
4.9419555420211125
4.654241220999865
4.783769352482828
5.205269558863226
4.887587974312328
4.890478866928288
4.661941757729331
5.001779435113926
4.79137625082419
4.756526935090251
5.352932098758912
4.562827141207336
5.001912776469532
4.900752287394772
5.091094224653704
5.010293987160532
4.408629137305749
4.9145998324408575
5.108653607536571
5.161243999551615
5.16350820969373
5.098372362731614
4.941833563960438
4.4655940604410045
5.113524596728675
4.955518292381737
4.644742362109018
5.4888975788967915
5.132783034913455
5.243527319016129
4.711709371618606
5.017626371256473
4.88164479715767
5.324153173581292
4.434039622664852
5.271231232349354
5.12923569802332
4.529152828495572
4.919903603540171
5.301938691706731
4.796341779753928
4.743144077942155
4.999079432467574
5.3758514101859065
4.971623262823821
4.918022595037527
4.52880845570727
4.881347276238326
5.09153986833533
5.006875334854521
5.030435618102086
5.141724582462217
4.67176224264744
4.725824808382364
4.842195740194952
4.482946587213506
5.0026419543731295
4.768655801746955
5.028260338876643
5.228937877930963
5.2927356400724355
5.057591597310897
4.812295469680929
5.02060540228045
4.930605683569453
4.853806301187169
5.069111009493035
4.781090308843702
4.944640337586313
4.93280142672865
4.650156406198041
4.582273557019816
5.451521036396934
5.298799893515549
5.092679573836353
5.3080732221135465
4.720915580961816
5.446371983727094
4.897665500121378
5.182783426724223
5.348072088681801
4.9935066946537665
5.704314857319369
5.153954069471157
5.154173843756141
4.698529369078378
4.741813994460209
4.482994621315239
4.648048529356716
4.963720182212382
5.274618470216067
5.075137673788373
4.947426687238142
4.5663417047835395
4.998090254925777
4.851667659385947
5.400849590562129
5.249075489119217
5.132922222180709
5.244291923344113
4.931881141795024
4.715263163442999
5.1551355711994455
5.0584690387997515
5.07291362395707
5.179916428992655
4.9174990393028235
4.674776374591172
4.721946567606666
4.4772662321807015
5.132228468697622
5.114119901876768
4.732209449031318
4.855762375056482
4.905361535243687
4.643743298095308
5.116102299619216
5.0632254181151115
4.882962819300413
4.700224451709399
4.989514051675793
4.983259455207434
5.067437013621404
4.75499322537059
4.7565657535637795
4.770234611931185
5.033746031840095
4.716688348087991
4.739966117369295
5.03198967590193
5.106366079958862
5.09993676218658
4.611914771433813
4.898592763225821
4.962529142790009
5.16298315717309
5.049955559320801
4.736878567376118
5.09245262959365
5.0458341822214265
4.6675493880647085
5.136984075271654
5.105553063332782
4.422911550355112
5.1334583598980945
5.193003797430276
4.939509936683682
5.241853674753017
5.0396952439819405
5.2247486453820615
4.784198898420172
5.3994324513392735
4.9044195198408085
4.752175483367123
5.401529741392529
4.6605115327606015
5.099148202644331
5.1453537458033765
4.794673091112162
5.133442521687929
4.907913049053785
4.619594131075536
5.013018600947204
5.021042626225926
5.050481456802961
5.158457595568918
4.998419057794483
5.066191146022434
4.847997703710832
5.021771874652469
4.801167666628791
5.027735845391064
5.181088328906095
5.102201512432454
5.08776558786741
5.099711732882426
4.787715820897055
5.061782485994717
5.186753392318853
5.14998110053246
5.081363911733245
5.081614413188383
4.470836938740115
5.391370956070201
5.011991508908121
4.973696491660099
5.175382129190543
5.0879570209829765
4.673102265342096
4.791020758415952
5.251470372940141
5.000597626558141
5.039658975319385
4.665452244379727
5.075199114411223
5.211198948731889
5.348179664143139
5.356475392843542
5.152726006944276
5.105004471973239
5.313632829640448
4.63581343400645
4.713783091353732
5.098924051009399
5.0312280414122466
4.856551116947996
4.722096238444335
4.721049552512765
5.216194375199175
4.811703854973261
5.4397744765413645
5.1092068700866
5.191844304361026
4.83473573654658
4.9213169649684145
5.616970059517845
4.841772011285566
5.022976998205646
4.944269740270583
5.021178140313409
5.24599927337103
5.122033258007035
4.649847314271455
5.322932002928654
5.31271539727362
4.870060228858077
5.035641602758387
5.496034287906402
5.113799766426046
4.71348384886308
4.9022858563226865
4.819106599742649
5.2485590483737115
5.062925382382891
4.567348831596284
4.677009147242501
5.297098442153448
4.76992478568693
4.984383363390528
4.830820257943514
