1.5020686488687158
1.1280041497382036
0.9018586268688952
1.2258225101505753
1.1962017384084782
1.3825097704083698
0.9946271152725127
1.560866247898253
1.3256670343954393
1.5415177677754217
1.5488582147867331
1.520203052480562
1.6348559704865255
1.2760369991564307
1.5501189620255034
1.0786317981395428
1.1836197872268435
1.652113349275438
1.305964115609275
1.528204803166898
1.5950655371816185
1.2650078489683259
1.3224383226901852
1.3013060370226524
1.5521380425901454
1.0183470557925605
1.1960769262168724
1.6084803391478175
1.6776313955392674
0.9047061001079781
1.2787879716547836
1.020378548686297
1.2831670176957182
1.0941973301560766
1.5926088673463619
1.525195082949351
1.2610686631810035
1.3723798252624524
1.4889527525849826
1.1563750995339184
1.2617032708428766
1.3430476387618018
1.2775201233519646
1.128338576174261
1.3887998591562905
1.5040643198997627
0.8268256678453176
1.22893262811173
1.2995467774269076
1.3315895902983594
0.7890352512803234
1.4975408203885778
1.077364767495533
1.606639690061689
1.346669908602852
1.0898507939811364
1.2903093672378525
1.1469318995635647
1.6677370296570964
0.9898183147092063
1.4115335996990217
1.1997000632856243
1.3241359707427547
1.2204914190709992
1.7886966536174456
1.3432446081211267
1.3650041624627407
0.8235615054743768
1.179684910435483
1.3654158154724596
1.0088178928305493
1.0291470529635318
1.2654216246250662
1.1305257703114204
1.5782401130334298
1.274647379751562
1.4740298596731305
1.0725118873652686
0.9585559063222305
1.3199726311805233
1.2683246340810028
1.435227424362347
1.3465602855071022
1.1829371898721002
2.1235387593761077
1.0882378807853557
1.0914083071888523
1.4601371636560831
1.6041262406149635
1.1850032437219513
1.4787416432826506
1.2204087576021718
1.6995750943021903
1.267574179791663
1.2394380605403439
1.4844849819209316
0.9761385827888857
1.1239287989943947
1.186068350619442
0.9980609971412066
0.7787493503382794
1.494330538879446
1.2244650948238505
1.2534966246884365
0.9087769266905733
1.2698108306459883
1.4473055729208637
1.309312314748072
1.2692269973460861
1.0995329445592015
1.02016679080819
1.1248150036947564
1.014498018691261
1.5666843682415672
1.6182526148210115
1.390639614766309
1.1546856878739888
0.4589676131803694
1.7973040412370767
0.8757741310339165
1.0096880768853
1.5758227922819033
1.675769197051109
1.6122721029683382
1.5956551067323534
1.1914980801727104
0.9304097752954356
1.7205430983274168
1.4489462027725561
1.0707566735813203
1.2487458050558717
1.4970437691083494
1.332430208274737
1.4291617949980022
1.08036619578138
1.7545421072078191
1.0416582282579347
1.198803244771903
0.6972130702557665
1.0649693057902352
1.3840161329609137
1.2716241637999717
1.5560948661865395
1.2925657448860888
1.169097722271389
1.0570046487448121
1.1585211359798169
1.1264652418612684
1.3329666925566561
1.163215502443256
1.2844710552686585
1.0276292865154382
1.3468250869669578
0.9719909112639677
0.9910942713566445
1.4082778417990414
0.780087579686914
1.0854619800064789
0.9874370288139805
0.9398572073600111
0.992447996321831
1.6281088252089373
1.4062122359859357
0.808330005797345
1.249100076675082
1.0500059045977763
1.6767015275673867
1.3630122434508893
1.647397640118685
1.7635610093182592
1.6827836687574798
1.0039622536125012
1.30977865961791
1.148310539755768
1.1644319405094237
1.6656883316210613
1.363421294554093
1.6157285124639436
1.2220000845282106
0.7301737488529608
1.245240374503142
1.4731868085653237
1.2804485219406543
1.0874018424979754
1.172402073288694
1.5017123362679778
1.1705280833659772
1.4322110497671112
1.3765504701833111
0.92237452520634
0.8867088886579702
0.8034377367098284
1.1291725344178345
1.47292069463493
0.6246330265343868
1.411019426628918
1.2306345646163666
1.304647738005849
1.0316201051162377
1.6236724812589156
1.1851428822862957
1.33528579858851
1.708317477983997
0.7411098609236252
1.2718026678286216
1.2250537515180078
1.3132116169797707
1.5507946518880757
1.4648912044736146
1.3626269846977828
1.3750582863443268
0.8813226260287154
1.6948239451819331
0.8100140281750915
1.0938494592392265
1.1630848112681802
1.536294998968488
1.0974006431772876
1.5663379752283515
1.6039629275058032
1.0280543313192434
0.864808006458683
1.117658646604875
1.4887313556689774
0.6821030261471094
1.6959474895180644
0.8722397676855028
1.1602931982708797
0.7891223239192606
1.355433902212745
1.6566667926376042
1.4819858510182131
1.4740330430384514
1.5040269143462208
0.8984234138762774
1.4992085165906743
1.3995555504224009
1.245090965817894
1.267325212016119
1.2923243806397868
1.1552891755441865
1.0049918013053794
1.4118480993560083
1.4377454892301886
1.7235317952367788
1.5434134509486315
0.7866672191469021
0.9868393217943149
1.2989567201492267
1.3021267317519778
1.3932320609830895
0.7404355237120803
1.3242987816182914
1.081409826082798
1.5089298216809957
1.1338628388671756
1.61537296230307
1.2784742219526164
1.3912832157825883
1.4333751826153114
1.1976174432309648
1.1303008111377149
1.3474055774563052
1.4158338903724403
1.1955625193563666
1.326395477466216
1.608688660361473
1.0296478680878232
1.2900494207633757
1.4931750772649988
1.0700037880963666
1.0063043976148076
0.6756206048923924
1.0455312324691415
1.2721303028729294
1.003280196423514
1.0677544453951706
1.3552339420290955
0.9556994064424058
1.3069664708248168
1.505750967920533
1.042738239880961
1.5706671780136776
1.202899936828884
0.7798467635911814
1.6048455562364259
1.4103309891743885
0.9896014107855128
1.4953456717593754
1.3264610301869937
1.5669316173372534
1.4085058893083209
1.2108645216178748
1.1282290725104704
0.9822690930202292
1.4463308189436446
1.2983282482489955
1.2297916083232199
1.105147137445466
1.4461212269767056
1.0582255500940538
1.8452385755884715
1.6314645941614674
1.159552135244386
1.4888454555758477
1.0655770062934318
1.371487902491929
1.1288925688194242
1.2748315819740106
1.5361986750976397
1.6142472656531703
1.3571382939727126
1.1422645851555002
1.5322676881118888
1.1375570610629755
1.1159068536201295
1.2934217817808327
1.1264320820726903
1.016374669058844
1.1459716318227733
1.0139822304004547
1.4057424501363398
1.1480512537333398
1.1835029379199764
1.0939569883599498
1.7285157339049504
1.457419145359479
0.9421792483579349
1.2589707661174978
1.2294245395164554
1.2197983854583867
1.6262147636364515
1.3393331752979365
1.3264208339887757
1.391824140765681
1.0712870744928318
1.5542947814622752
1.6980159902155818
1.0331086353711867
0.9310836264792416
1.389039593711098
1.4459064678248366
1.1432650282593826
1.0953263177999315
1.0669017061229764
1.0963819670415338
1.827122784752354
1.0264985252455354
1.1494193209236139
1.631082628994186
1.4174448729616305
0.6672687569596545
1.4583969522957092
1.0562136740397634
1.8218678783993771
1.3450766936959921
1.899993166496039
1.4674831490763613
1.1520860169381528
0.820345819970825
1.37578135091659
1.231113832449766
1.1343788466565168
1.3138298970695388
1.2946978338871131
1.3279556059110085
1.405252876854497
1.150143745124169
1.3382292989906472
1.471261656052916
1.5062150896708282
1.2900070672517612
1.588176610376174
1.0648418907264336
1.6888134855244896
1.707909073758827
1.2624244892971044
1.4641304001726254
1.4772597622371437
1.046407674404294
1.4047055074105925
1.3863444330408132
1.2257967853207477
1.7578570320599116
1.2476944267702526
0.9425873280135748
1.0867489674770632
1.0986649246491311
1.6705809064704193
1.6793742642971246
1.2554044941117335
0.9616502948642877
0.9907635042859645
1.0785945477596142
1.338123512790794
1.0760741303023729
1.107111176353193
1.1400782346254297
1.498315073469236
1.4731086810092133
1.0283191590969794
0.9997910722712209
1.36408156074797
1.3858664160857623
1.5715943377904251
1.1069312685093513
1.4561887580800499
1.0369231262040437
1.4244102252652298
1.2918240675760477
0.860052794951369
1.5570851434260375
0.8568827090811866
1.41743999794565
1.4309660539934848
0.9513883266294811
1.2107121680084156
1.1540157245071965
1.2578565137055626
1.0955517001486685
1.657221811972033
1.2389025465149335
0.7672338140938219
1.3288018640014274
1.010107929300459
1.1021841996365942
1.2972354035033067
1.5505739869617838
1.0787089225115547
1.0271601009485094
1.0969030302888838
1.3194401134965035
0.9141513262604546
0.9888207861529651
1.2427213534167874
0.8046328620289885
1.5160248984764828
0.8208196187547973
1.4953181953433914
1.290979599186831
1.1180531922284016
0.8814167511895604
1.3019572104815154
1.220773158047076
1.4708579354827793
1.291234781256552
1.5112730253060394
1.247014882932054
1.2889932530081472
1.4407729143067955
1.70172670758795
1.5732680139788178
1.3035935100571825
1.587501749628993
1.2738934413295324
1.319294355747264
1.2954839940268048
1.260437157119007
1.4748784713590577
1.2826308515661085
0.9202760323438072
1.5724763295396809
1.1450180503651295
1.1275097238146266
1.2326206442832426
1.4521582871507246
1.1301533250951066
1.2919427524580853
1.3398116863216503
1.6795357495099648
1.232218104535832
1.1834839259803076
0.9772882559115624
1.3902980124812796
0.7945958544599726
1.502909707766464
1.248923517007958
1.3637924103951815
1.3673843134044057
1.3597926728753569
1.5360869309694956
1.2495730412024144
1.1743391555345244
1.348193683803194
1.5299126633250348
1.3097230187650517
0.8786334693114104
1.2274240318895808
1.1352611108329473
1.3564815874410265
0.9449542360037919
1.004899029742578
1.2693541897995955
1.1252719027117546
1.5920030235799418
1.2570647205349836
1.5237379418837647
1.334789920476064
0.9551974883661927
1.374658124361388
1.4069797647559987
1.15345582165956
1.3217969663190587
1.2650684077714687
1.5891921912446358
1.4927610786760968
1.373051783236858
1.1982169872822395
1.0756816794639688
1.662827425597092
1.7843598014558366
1.5219277893690435
1.0296861232016503
0.8580176678129181
1.6155901983054974
1.54561515287244
1.160338581683433
1.4007096887072892
1.0401782374867266
1.1523582587877943
0.9112296489425169
1.545433559732932
1.771791660896598
1.4560564771813216
1.1842160083262236
1.2912020574720122
0.997235258560646
1.1505911132255229
1.0933767459685984
0.8162277254987503
1.2356711545943901
1.0840177955358663
1.0989055505481906
1.6445541544966829
1.5206837622362346
1.3222606780190789
1.2083040868366612
1.1794587249809794
1.3386774364264444
1.1986004621259374
1.2732458432589047
1.4097343066172527
0.8679165787055617
0.9953913448307283
0.7449221255418307
1.1170084889379854
1.1713779696340267
1.0368211447476439
0.9108964186575618
1.723886322718206
1.6079776637554355
0.9107804778740562
0.9823370168199476
1.3730458802405636
1.5438532977542772
1.3392521015429704
1.2018865661071525
1.4669007356798704
1.129851861558476
1.6182601760609978
0.5771076617657854
0.9782203026180684
1.328445857613457
1.2502135773623098
0.9696738090821226
1.4021528071055824
1.433352627626641
1.3485022677461393
1.230347094910065
1.2165403271726791
1.1916834607881
1.235496373360803
1.4637979130668943
1.7653725531161726
1.265989742060011
1.1088278484692595
0.9818000843108534
1.2537064623226748
1.2849438102245878
1.0995744784405277
1.3862435328963985
1.3779886251671727
1.4483274906849122
1.0176123467361775
1.2267511838436274
1.2854237691148218
1.4690536149236262
0.8247540072805905
1.1646103222997042
1.1213925193962468
1.3679409933038211
1.5015838953178176
1.0403085508330725
1.2800930357901634
1.0891821462929587
1.5102074609207974
1.3619773097977776
1.7141165782074355
1.5043601932694026
1.2398499006487635
1.22016834819159
1.4713612298018133
1.3422885449289452
1.1382171328001156
0.8799617864613761
1.1804923643446552
1.0762498096728188
1.2335872478448016
1.1120170428344602
1.2516416778731017
1.598430055082747
1.6088936000777254
1.2552962018658045
1.6028787828991173
1.4309404189514325
1.010354748125872
0.8533122663861402
1.1810490846853219
1.324801329572611
1.6139503225204472
1.1805865628805212
1.3491362612826219
1.0443912325693496
1.7276081864842405
1.550811339139735
1.0324764996873912
1.0280311332345038
1.3584445872101927
1.3913564263870064
0.921742185653932
1.3601065291700696
1.2055245740686757
1.0668049714423233
1.1106802853799178
1.0914774253563002
1.0760363846618586
1.1029709240259473
0.9318862990260397
0.8636018480197513
1.351584291668609
1.5563092245837469
1.4916909645971344
1.0307134983254809
1.415256525971599
1.5803577048968906
1.1248712511562915
1.1812335636121714
1.3459057802799084
1.3274850761216206
1.1414362534536142
1.072066414358035
1.459286409560366
1.067869016342578
1.386722082717317
1.5636264129278068
1.3383970400144056
1.3691515364715932
1.4290701275710218
1.5495128809535288
0.6956254820053018
1.3585918684513132
1.4310761510595598
1.357924110267564
1.0828778374535541
1.1737315015849894
1.770949282580709
1.0609857949807595
0.5906010941043028
1.4980951495489139
1.034334214662852
1.4252285521364834
1.6021967688440255
0.7720746677883762
1.1400251540982862
1.2378667772363723
1.4778295459801056
1.3211895310595716
1.08131295595142
1.1606631346069076
1.2768477733841959
1.9370015663644304
1.5112031393613665
1.222967445920107
1.4528826449972119
1.6891894240992038
1.2738299093110486
1.4141170093501
1.209773059048839
1.0904927910644449
1.229766107857172
1.2747956611702174
1.067602070058898
1.1504153940598982
1.18892439960405
1.256927347363301
1.1709295331177236
1.2423378569040215
1.001750830016936
1.0027649305919693
1.1109543710907464
1.1124778953770718
1.3424954018985915
1.0543552081595022
1.3246348084963866
1.2797515135338005
1.466074886139328
1.2913119693497117
1.6617697074828632
1.3128898275723986
1.2946110786883536
0.7802540953521332
1.0266965504286565
1.3681290769760417
1.3993080078379307
1.1407533325304762
0.8865782044449388
1.325367190286115
1.3687077557232337
1.7824445918080802
1.295576868397416
1.2332388634175218
1.564187056461238
1.2577165717786438
1.6577819979345583
1.0953851239562167
1.2432686094048768
1.142655013417576
1.0157465884699395
0.6334103770761504
1.1215437211187216
1.328799779251504
1.5053456259298954
1.1860165148256252
1.200284025246245
1.7338141291404858
1.3118682797064127
1.2615874003331466
1.3803415873570812
1.2537226826485242
1.2336036344200285
1.358555004069632
1.1702085900793293
1.4918525753343514
0.9767545239073174
0.8445150152118138
1.4990430919860165
1.36639106481803
1.4614441906843523
1.444175487206312
1.4500971978443822
1.370605888292062
1.1884776752277575
1.0442033273022606
1.4390966062095703
0.7930819043687619
1.4905974724524218
1.2680830352296015
1.0867548380546026
1.3877066198740708
1.4747507108775606
1.6250013485888541
1.107859535737967
1.4649445659568825
1.1538327384655356
1.4137006564764294
1.0949046503824775
1.21669774265887
1.194181002738027
1.536381990043298
1.3364781453059646
1.3500382464013956
1.529663376627095
1.1515431116424901
1.5011472434650972
1.2417422278380663
1.0935625502551758
1.4555545061478168
1.4786614558757807
1.1106700252512542
0.872933277230898
0.8575438985201402
1.4679679502091556
1.3369634541282294
0.8931738258487665
1.3521198085912118
1.011197272632652
1.21806442072525
1.1967438848173058
1.0873381870941357
1.0503142520383677
1.329995903977591
0.8008734705076824
1.2445007448400642
1.165553326419899
1.283290013710393
1.234342782974173
1.2012694569316065
1.1670447250319758
1.325560625462334
1.3639544274290212
1.7761381198728186
1.2565000464453198
1.356734003399618
1.0801632500104072
1.0514686117227068
1.2222630364586906
1.2815233120377907
1.3665733326697043
1.4623031117727805
0.8375298586574139
1.5826738054809852
1.2579177261466632
1.3005831858726231
1.462758078194227
0.71972816314561
1.0456615939509897
1.4215557123422649
1.6254058477181632
0.9901054671473646
1.8352363189358385
1.3546435687709906
1.2180708978743457
1.3426595790236249
1.4142613144003877
1.3396994964904603
1.6582396310696987
1.3936328144185592
1.1793361475324824
1.4610316449060077
1.488884268466081
1.2126634323481555
1.0452673218644237
1.1912065568010486
1.6629029618555364
1.3606734062316796
1.2271597762144395
1.3117686678145728
0.9833939248028172
1.0141209331199093
1.3644560219787325
0.6001245968074367
1.4100898728792366
1.0456641042059183
1.1954788646069359
1.3395925557919388
1.5097477723152133
1.2344760158908004
1.897615558433898
1.2972417872361566
1.1157625880898894
1.4013100192615864
1.1564930596536258
1.1156626343427258
1.2656618387514484
1.6409408609244927
1.6312448783282245
1.2074836412126206
1.3212135996016479
0.9302723304783301
1.2638992810107184
1.2322326384998676
1.1800953542147736
1.3346108234804552
1.302272143746638
1.0981884157778548
1.2378581545996559
0.9434191290055606
1.0788884181066278
1.3707015030629943
0.873782912969519
1.0112943767907996
1.3207867672797424
1.263197170302793
1.2375394931555808
1.225433535742179
1.2859790757103768
1.4252860912847476
1.0882735472109277
1.0371428685703765
1.0207417634991311
1.2009150807054623
0.9364173097295185
1.5424100895182369
1.3654491528321955
1.2759801697023436
1.132355026663613
1.3920091551630016
1.2754056969376175
0.9239926366257348
1.0271472241229194
1.5203357608338406
1.8214441444086356
1.2568862348304126
1.2053795532036269
1.0020183535305347
1.2463267367713151
1.1599386016361781
1.5169083944852135
1.0379249011468774
1.2915699507755334
1.2480246640619237
1.2966775592272248
1.3346042902910502
1.0359785085756137
1.2398439446933223
1.2370403442834177
0.9123832216780894
1.3413969465913471
1.7220696006959526
1.5467953487644122
1.2470504869938113
1.2455066747777208
1.4648972359667078
0.9911070067752413
1.3480157201136214
0.8951030990473683
1.3938173004000536
1.12551696527868
1.2909108857767426
1.6563477534372206
1.0390685156730375
0.9141574012785902
1.8075343205828116
0.9737943671009568
1.2849353764302898
1.0144875686912167
1.184685201693955
1.0774019461372726
1.4878622366965715
1.5410217446978693
1.1990630035191778
1.1346889500475725
1.2367606797040638
1.2998431452303412
1.2888937507655576
0.9549382678794748
1.1067426376503158
1.5136455112217757
1.459601263050098
1.283508250292136
1.0926520229605552
1.2182241910992413
1.2520971211409964
1.5359382701399282
1.0336427479041046
0.9517566565209986
1.3436305784288698
1.7635084087911646
1.373891005057549
1.2043149216258628
1.2476462007228235
1.5161285522131527
1.1572072861017193
1.0861709403353748
1.2593384030926755
0.787794392321351
1.5528058723476372
1.3524071706334655
1.3366297885568736
1.2333634029668643
0.8672036503322225
1.6079457664448795
1.4269611150564065
1.4996594723174212
1.1385981176137923
1.1400663014759977
1.2253777693878796
1.4814119330097826
1.4234293110002338
1.4500090551613483
0.8810972960814883
1.3221337892151959
1.3295725413668946
1.4331235097937067
1.4136916712823462
1.242007660191656
1.4483420966303784
0.9226420808541079
1.153314956041861
1.2982479837199397
1.1525301715424157
1.1535251128578021
0.888489161942694
1.4855254962211597
0.8453340827236634
1.2926277065804053
1.119982974791252
1.0458996627603578
1.3211604807689608
1.0182163361400836
1.021668692751262
0.9413576405821635
1.4200683758611783
1.2449649979861417
1.2062743914488623
1.0521741161853464
1.309698841838213
1.7212484609618723
1.4077088258980515
1.0270325257784632
