3.975711141481928
4.097363912903381
4.171644824277019
4.291106516675489
4.1883993457585555
4.363003113492931
3.8437847752409784
3.7427343243722047
4.30769404724191
4.1516833824876604
4.273690233378565
4.291189292117037
4.194396282173218
4.048918877731947
4.303042996283824
3.8348017143960083
4.12531082069363
3.869571550332066
3.901592550243833
4.092492531799376
4.367590783368528
4.06345763508967
4.267528522715956
3.932690979795849
3.739469498098108
3.8597377707496436
4.340562181959337
3.928784495634286
3.8435092884655537
4.139736928550506
4.041570439842546
4.648241232206374
3.9981117492157137
4.0413546552859385
3.879125933694613
4.075193521371312
3.833169155163232
3.941216580104027
3.8003362716655613
4.067782926607946
3.826599229479481
4.13027428560422
3.5406596454804964
4.381583474721483
4.0744230790375795
4.011800444590489
4.3180296631424655
3.9066818924993982
4.201417066419106
3.854559256145317
3.973127727138941
3.656921150505646
4.128259666884384
4.194927080792025
4.028421436667469
3.8809383361264604
4.134775783395396
4.17413574432425
4.055003850957166
4.478090295992278
3.6728085621416713
4.305402564782845
4.480235416347925
4.101519958183653
4.252269548547541
4.243685065655872
4.288487345091753
4.081290961544125
4.08276790964255
4.096726533821608
3.5250016998688034
4.617262968984638
3.8524773761846833
4.334260973932996
4.065162518880012
3.971632975236235
3.6465383413055656
4.121519537763831
4.039726186853267
4.019868749289755
3.9874691766935677
4.130083523576669
3.928216406452681
4.138140069431824
4.360165023399284
3.6575474274410875
3.8946229376529398
4.408211880437672
4.549666037993387
4.189156349878554
4.195474594965825
3.5403249627805735
4.233544286073973
4.345489415780049
3.9406676580042888
3.8632481314202956
3.537852498991036
4.306660737366208
4.109055901033805
4.336249102294211
4.094003790025327
4.176179019743524
4.188156063271157
3.842684277835286
4.009982727211363
4.076426541914775
4.082650100068559
4.338870847789043
4.213664336865716
4.3253018384415
4.039254691739378
4.100644423006848
4.131800133051682
4.475252281886406
3.7943800538362487
4.09756921074999
3.9694208822538704
3.7158458637855087
3.890127936573095
3.816314079193896
4.093928939362437
4.0975880822440525
4.109943459070885
3.8503776429286236
4.189682236893171
3.8669626908446135
4.187099161325175
4.206988842448604
4.248381863609471
4.051067921420205
4.471133249539444
4.240143714150618
4.145918586968724
3.894901317942534
4.232245389855081
4.156769521016884
4.061175146013134
4.281064177823628
4.378422330980246
4.414058225439202
3.885190420400751
3.648533590697707
4.396697109469695
4.430727149082063
4.201948111026887
4.295145961203848
4.341139320581168
4.360042788392553
4.222018941751442
3.897177519921754
3.828627916602097
4.242089979755634
3.8148119713992177
4.097959241574866
4.200475994602512
3.9903472642160516
4.292580751776475
4.604065243452729
4.515446091778458
3.991004356102315
4.062875141647254
4.117842155423903
3.963185115222925
3.8732548990719184
4.370368764971516
4.001674679601669
4.192123234577038
3.7185950385007978
4.197511645689349
4.422381381093475
4.142184245632001
4.474976298818362
4.252840449298491
4.114908784486773
3.948981430957786
3.8970173569446773
3.669328438567044
4.021848748173193
3.886118453027626
4.189004348715808
4.220626875021142
3.9734420231150076
4.290699703785156
3.859357754271665
3.724063035461053
4.006855030625801
4.09624348048073
3.946964721386333
4.465622718920656
4.617278543119804
4.526865347490963
4.4020957227623025
4.157822258620803
3.842491734562701
3.962655198502056
3.9483326596932957
3.7507351733330054
4.14783621572797
4.3168407504115915
4.640004724002205
4.0051538707301955
3.911305797009208
3.8880646701743165
4.040138050289255
4.155925781787669
3.954237992936266
4.200167159614259
3.976215163193432
4.0177592417186645
3.668781294007893
3.302020492235899
3.9194444522352807
4.107176535822541
4.233462905920567
4.5069145969596915
4.189030230335603
4.135761950840938
4.298794515804561
4.153528474996349
4.03635313106073
4.009259529430517
3.9229508256546106
3.723649639665914
4.115580872490386
3.933520249549089
3.6979508959631886
3.795671987547921
4.335485056046919
4.056971186989599
4.170936769176826
4.044704580903128
3.7116729945718494
4.2853938400661535
4.16341723623302
3.731598523277198
4.031863977315388
3.705348773129886
3.998353185513549
4.4899471190591935
4.117112302305049
4.012609938099609
3.9442014628705175
3.888122689542826
3.885876977266842
4.214168482083748
4.358607977244959
4.197320273690954
4.041075837765165
4.36686859673268
3.984376337744698
3.645525573835448
3.9353270730149927
4.264961575407644
4.163473414917017
4.434803508764425
3.926668614468225
3.941533213047446
4.226858406576885
4.2449114907045
3.981034195165034
4.130485621746838
4.273455933416159
3.998641546762138
4.126789989287521
4.437674698199901
3.976126536030965
4.038702190392495
4.208632321932501
4.127428759082257
3.878667005273913
3.782035672339732
3.8519631607617733
3.601100030178668
3.882949518525465
4.347533046764701
4.332559259793577
3.8250561379872243
4.06198898482221
4.242751998214521
3.778768261305741
3.984787181856967
4.224909790036761
3.8903650703180475
4.081104124055616
4.175300873861642
4.44347175484929
3.9776225523369955
3.9668205943040697
3.891470791503782
3.783827169540161
3.7473112242298883
4.131897326284408
3.8167450689094933
3.9025553665350468
4.0342726870432175
4.384438321710691
3.855152814726488
3.8147030770921524
3.9832829074907186
4.252363334166758
4.100773078930317
4.383982079354444
4.252520632979596
3.866403558907962
3.8038248857465784
3.911079574743721
4.051975554279882
4.067510399681322
3.5459671298682403
3.6074661104232204
3.9858490659345946
4.40424986638883
4.149956702075598
3.972744046837007
4.301173727026243
3.9341448905998515
4.360227252083788
4.162546914053266
3.9608481897719177
3.71376253636244
3.7932974775423514
4.33271061243963
4.04061749673626
3.805619929058432
4.076039255994763
4.357025819281643
4.006397761574508
4.31915150022136
4.055986661998496
3.9195625942898293
4.270429936642565
4.2854147377148655
4.350869126238253
4.024937775534642
4.372560366083056
3.99664774407782
3.7653197563089607
4.277634638226195
3.6880557923501445
3.7157446505238365
4.07115751618958
4.2103561233481015
4.2139530371460605
3.5955306853942606
4.532128372388027
3.904026216854009
4.121569602125715
3.684418645132025
4.325531160528867
3.6007932856038383
4.197964199962218
4.204397721270614
4.308409743861701
4.105511100208839
4.647392917577154
3.913914806854643
4.14572001469024
3.5339972373041633
4.087824445537715
3.615122256148313
3.9546886495731925
4.284320947519872
4.30793172672094
3.992095241879617
4.342107657090012
3.8844668663960094
4.178819699892146
3.9470378882495316
3.965965049812551
3.6525323938132055
3.8023753482514024
3.9777387406465827
3.891965188841617
4.235626252253833
4.044671680070321
4.251635281350239
4.3895982412403525
3.935146618164441
3.573743541998558
4.212526739128504
3.9748946025932423
4.3281749190385215
3.9182539779714887
4.10959309759778
4.071354042281497
3.8689020119466733
4.0323725925173
4.224901363838874
3.596476627398205
3.9867519129392703
4.372977818232784
3.996251780934196
4.22018658505881
4.385449351656191
4.073617872256613
4.22561626896403
3.815547429953194
3.973745324996035
4.191096908799764
4.219478491806419
3.9659384243580575
3.8246240250489856
3.8539503701415856
3.8921104716000334
4.769432532700908
3.8323163099684177
4.00057156216538
4.16756700932821
3.9092005519982993
4.079477134131747
4.357610160795012
4.067633201214876
3.93175088513286
4.148676828962725
4.350709946973215
4.472457260544632
3.909546007882738
4.221382221526762
4.193026731964602
3.828412269074366
4.010581529917181
4.30048009631126
3.769214210137481
4.388767867253977
4.179309255184242
4.2467391288323535
3.761125807464254
3.447467216587767
4.1280886875770095
4.555341869847413
4.0369000319628885
3.9356598534801677
3.9800227413834204
3.7556849284065232
4.3982454002562
4.323051251729414
3.18682390008484
3.7527041899994433
3.9973696412069053
4.2450133218112
4.139340748442608
4.282457198485911
4.13686441658579
3.809598778800667
4.03283381800389
4.512576385805913
3.9157168246602243
4.1053194512041795
4.022271032585496
4.345403825782023
4.195027914493529
4.011284666605541
4.112107755893932
4.056785989823796
4.2663576537005
4.462763908715356
4.1971096271776664
4.258954370310447
3.922551482572914
4.40802991922723
4.191972543611447
4.138803225893112
4.439405640248835
3.9161633007152554
4.0306312570059655
3.9677093177399816
4.200415259985549
3.6954730711675934
3.9097831804900833
4.223658325590352
4.4336637529513006
4.221073309957842
4.154148723285981
3.9182956163175313
3.792569153699719
3.875822037386078
4.189824111629293
4.217176320979371
4.34332263133281
4.0032446618651
4.038154638684529
4.244261680202272
4.274269742833651
4.138842969340479
4.183484683589037
4.013474421179398
4.298790515351062
3.8259428192379143
3.983456544198342
3.971101796411275
4.1300763703820795
4.253197651375518
4.212839071063887
4.0473574243130965
4.326080452664072
3.9068203339456837
4.014099962855795
4.233164887232513
4.502870514310324
4.839619923734041
4.209269615288827
4.162002174187183
3.9314835820214733
4.030104883640788
3.946832859658483
4.186787934320533
4.180855424319468
3.548775927747374
3.7976043158735875
4.103081558982017
3.780168004345765
4.319186007609783
4.39651844749571
4.162599938240188
3.785318620100907
4.380597883530671
3.885630118809807
3.9432581629733705
3.9699726014998253
4.387397743722271
4.004884597902704
3.9377902056929166
4.592422357566596
4.276290819722663
3.9368164458396575
3.8806771618731415
4.047511180199218
4.34560574988029
4.32852691721994
4.377576087362383
3.868546184996415
3.957291813423945
3.9139936456568147
3.689032145563295
3.987050067597868
4.031048262316332
3.928233106011944
3.9995925308977336
4.180933356604073
3.7910501343173384
4.148275629647227
3.5752250466878306
4.084750934043143
3.8220498813514006
4.020775491352682
4.453025928342295
4.415433606188412
4.1536065215576565
3.980327805872477
3.739626040112916
3.792148654508637
4.2805701272194305
4.174301727871442
4.188446550552971
4.248295340682193
4.282702215537267
4.233035517741895
3.9697765629706785
4.163479328082459
4.418324371706939
4.135913629886429
4.472968435522543
4.144838161991587
4.398426531612002
4.115205394201428
4.017161773020474
4.27035858612324
3.7806340665116096
4.006687344694818
4.055617964356804
4.115057140146853
4.000815868157048
4.122219886687734
4.330791817355916
3.868158190876167
3.8845368662194484
4.013207956724416
4.077735962241909
4.202518470499192
4.120727885892405
4.311394530900667
4.514546362833488
4.277481238403642
4.148731987016784
4.194659116804734
3.9263384554667144
3.64076301997725
4.057117950694954
3.966299092261957
4.102845050512215
3.8734713022385034
4.236673944777763
4.279967363075628
4.173669170142409
3.989055167652645
4.035515694708121
4.052361453004482
3.7402507529657694
3.8666187201485354
3.9680412988629845
3.974618595628626
4.4598770070708165
4.119854610077596
3.6362116785195218
4.133784737812763
4.3855643041459995
3.979844903613439
4.336410902301306
4.02792879094113
4.126408723820075
4.413607481920913
3.8960898876093455
4.108412248108364
3.967676532511963
3.927242603591085
3.940273975105682
4.508656655299591
4.239016927444553
3.4728896796763538
3.9041375500122477
3.377053014119854
4.277364898639775
3.934966788477505
4.15367972106127
4.277186239211643
4.00236319097486
3.660426006521716
4.051471489237607
3.935264566035661
3.8813721421975855
3.7813348745495485
4.589877266209437
4.692404905183569
4.301215447867299
4.149329504699999
3.7115493579027428
4.217218952525077
4.097006610951858
3.9487069005305857
4.065512296899671
4.13387593410552
4.3099157727239445
4.102258625909028
3.9777097164865447
3.8574268927552477
4.131152916519213
4.184340812876638
4.157142774373487
4.125060640421165
4.386126235262346
4.221329128584628
4.282025851442144
3.997259270764268
4.0616904551458815
4.07878442836277
4.210586801692088
4.086440894685251
4.0666830344694285
4.18420816261502
4.106157761534416
3.9380734453922015
4.100311218038887
3.909452325557573
4.486339123241219
4.024448574230857
3.9043677573038797
4.17764531903344
3.87033800280144
3.8607584479635504
3.88400374938875
3.822995515123672
4.433548695066063
4.240568359125767
3.846481343942941
4.120186905912433
3.8383394849458936
3.8574606192981613
4.233325564659485
4.143076568963455
3.89323734824614
4.452859816554248
4.112106060611219
4.012549318672247
4.142918975552603
3.61579267774456
4.057901669500911
4.201412074849401
4.061813239872503
3.659866238547581
4.02566155132804
4.355044310666553
4.214138429955626
4.092814236289543
3.8223804844149933
4.602192734219633
3.7276801713792125
4.096773696043902
3.8930680590709508
4.399562976655366
4.359634798222012
3.9273591655597433
4.378989161225188
4.284591525242684
4.322437712297513
4.3314178784166915
4.464720567977875
3.8268174630334335
3.800274982299152
4.357432490615721
3.851620800716909
4.024967284649891
3.5071882856122722
3.9079489841487645
4.4345511855817215
3.7177238074270287
4.134366512056557
4.2443386611266725
4.5170362629276655
4.1320895549265115
4.162247713440804
3.9656543677884573
3.9695672389278314
3.633075542774888
4.609038015159035
3.867132540107923
4.336432272785298
4.598939278922018
4.234197093722114
3.9641606883331275
3.4961525399667015
3.951185043151859
3.838176430385411
4.418734655677796
4.276280755211322
4.028003951652541
4.510000447715356
3.7708549222896277
4.3112350305888665
4.308514103729686
4.211623595832088
4.2589021713273425
3.898690214183948
4.003473058010129
4.243718534734559
3.7267671418053423
4.002251006052765
3.7142631291006034
4.176428277909242
3.5279081572782527
4.223140419138153
3.8672828204228615
4.206055628610084
4.199981483374374
3.50195370961084
4.107341366204751
3.763739434606628
4.513099723984784
3.846099452642896
4.408911337238726
4.433910824255408
4.572975810701049
4.069326879376939
3.8656488032006107
4.019594866834702
4.243086808183686
4.263398576344517
4.263734038677074
4.070685709588527
3.733842491990994
4.40349297398683
4.178289093582308
4.12319721515203
4.3943917335688685
4.044128290062287
3.7146546836818235
4.239558425613263
3.7573872458442477
3.9674352485737208
4.008844795116277
4.109945553622883
4.113588986178615
4.203433069032724
4.092316498523935
4.290336903467647
4.142841303807402
4.171070713958332
4.093212153334007
3.9101020910482824
3.7655348142602807
4.055187948410805
4.43473639557377
4.239098549013555
4.022228782647058
4.035061750060298
4.021818735705463
4.067078771681896
4.216662091583288
3.8530344837201143
4.054569099609118
4.3693569285636205
4.307882198514472
4.1136565296040555
4.105278122923361
3.973770964654026
4.180526579727963
3.975454233353533
4.510991421416073
4.16036906272044
3.7549992478125622
4.280650635065161
3.9452618134925572
4.201409385823751
4.388707120717537
4.029378001581978
4.332946171895039
4.251112961530442
4.532449618684446
4.404339955757254
4.094830988223923
3.803432488368796
4.114539674516883
4.122158629351601
3.905383649686269
3.7323447507740144
3.984895875092043
4.311230499004764
4.1190065855567415
4.069570422086007
3.80122783562448
3.8255018153719864
4.283535046587855
3.974934085781425
4.209532268276123
3.9429067800360555
4.205515215201559
4.290966991200437
4.126776955835738
4.370933643433726
4.242206190400563
3.9965978019708697
4.434482991887533
4.1946584301047665
3.9471507808508055
4.113009212458274
3.8276135735967305
4.074956289872579
4.277624848565594
4.477277558700928
4.221796741174737
4.057213637753127
4.108891619123017
4.18415674805655
3.816637339977044
4.109998140427669
4.2103587436278636
3.959328992064584
4.067719759897101
4.497998542001517
4.042021161897342
3.962814547173543
4.467825484266637
3.8918123709158503
3.5387397818699484
3.7811625773007833
3.9246486488437933
4.180319696062031
4.170590166018446
4.003332706268683
3.7404243163918447
3.9369682076333534
3.849359689185758
3.915959927419121
4.517733677567058
4.490703739455013
4.139127703723069
3.839215489091495
3.8146158609447554
4.08489066182437
4.0318915270262705
4.294048504965488
3.92551723344429
3.88469322322012
4.154768194892092
4.0233844746469805
3.9807255505763863
4.167421783604448
3.7984220870302092
4.169028947807722
4.1610150074042345
3.999117055577097
4.324375702815837
4.409772135423852
4.129546551367583
3.965415675664536
4.125412495071366
4.280376948724228
4.343159804122955
4.159688401310116
4.470176597271549
4.419557879700132
3.9592667780972524
4.219572185524238
4.275708107345143
4.097312722556577
4.595528358052305
3.8259412283705574
4.416482555350234
3.9962148771183252
4.133452176454178
4.0350039004560765
4.281523566033327
4.217450945335813
4.001621075007385
4.111753091012739
3.816173953432695
3.6345994430862225
4.038334441668146
4.188573077143459
4.011820392977221
4.046272081066999
4.2778278456667875
4.009794605664399
4.1205456171648
3.8436163619147465
4.095625257541751
4.085092058513783
4.392988196616302
3.990497989200775
4.212936762779906
4.394960939453342
3.58757292195473
3.9311755744742243
3.6803911073885076
4.126277274850661
4.120252134527538
4.78876854008279
3.903586300981702
4.174556578504852
4.03278263256661
4.2786128758026
4.237025942941438
4.009978547339828
4.155350781015609
3.965682965133657
3.8499293789622455
4.105752306004326
3.7777380169551114
3.4873843735415
4.145193190828263
3.658666644662605
3.919253719793048
3.83656022335631
3.680738421459996
3.840653982669792
3.8781324593965447
3.9355044653812445
3.86690744579649
3.968599053315277
4.409392009350444
4.136184686731196
4.417849455878089
4.019296000660374
4.076596958758891
4.2027492578147285
3.801208048248064
4.383560227905165
4.215479955126431
3.4100859582986156
3.7288779643505237
3.9916220642349107
4.390563539820423
4.457937895297335
4.103887087481718
4.041446415774558
4.0177795997067
4.190791250301972
4.006741224192854
4.12208430549083
4.167857449318601
4.009776124045272
4.160125155043021
3.939092152264724
3.8671396860721656
4.3359145784119795
4.56548169689263
4.020856390502796
4.005612008630491
4.23166196791527
4.201121236277138
3.97553563489427
4.34914360217657
4.181410176733187
4.095412248104295
4.462455177601062
4.227550743073468
4.160769907279847
3.7692835180963495
4.061905660035561
4.227473266261418
4.20562331440152
