2.6470040209980445E-4 1
4.035615263756065E-4 2
8.205331878642363E-4 3
9.087418006216154E-4 4
0.0011338079094081464 5
0.0017313378239276478 6
0.0017852834796409645 7
0.0023748339580408895 8
0.002522681953901152 9
0.003818014423311366 10
0.0047475804161356 11
0.004843922024955594 12
0.005200125266084543 13
0.005470050462317687 14
0.005691155300233619 15
0.006407294018405063 16
0.007096525425579314 17
0.007163164485232522 18
0.007266413235586299 19
0.007336817380728388 20
0.007675599086353625 21
0.007695369640865257 22
0.008119184734512728 23
0.008612472688041273 24
0.008810161539942685 25
0.008997382500502027 26
0.009720335057934461 27
0.009986798542927833 28
0.01003199284396411 29
0.010036200119775962 30
0.010338596594244355 31
0.010623848188081375 32
0.010732895883660389 33
0.01132728964433499 34
0.012019912808634738 35
0.012096179089517878 36
0.012304431195819476 37
0.012432756835844827 38
0.012728381073279007 39
0.013154255419360272 40
0.013511093912824955 41
0.013519548976338894 42
0.014238263406518625 43
0.014575771679762149 44
0.015096129584515727 45
0.016167178910768024 46
0.01718696055208535 47
0.017213403664632643 48
0.017859091306320907 49
0.018519548782383932 50
0.018542056304295562 51
0.01998101806362296 52
0.02018883908475094 53
0.020225306573193384 54
0.02116096179745952 55
0.021462848118152633 56
0.021590330717295544 57
0.02229044449889178 58
0.022357348207923126 59
0.022394639834117824 60
0.02253373710393081 61
0.02286667632443112 62
0.022931357500664266 63
0.02296961936119274 64
0.02325612309319075 65
0.023719840253442426 66
0.02426544317431728 67
0.024432961527351582 68
0.02496996529858347 69
0.02545720595190548 70
0.026702744418411917 71
0.027001699355473807 72
0.027057762785203 73
0.027297712672843033 74
0.0274968877993299 75
0.028249317043372024 76
0.02843460489126481 77
0.028615048017233802 78
0.02902861042772547 79
0.029110369800806942 80
0.029637553408604633 81
0.030016856310952574 82
0.030356719300965174 83
0.03053294492152364 84
0.03134145901889491 85
0.03235654255784686 86
0.032408698714578854 87
0.033180793155893555 88
0.033520297417288236 89
0.0335415359453376 90
0.03367547227504314 91
0.033832460493387506 92
0.034499911454721865 93
0.03508514598679419 94
0.035278573734651375 95
0.03583373234309872 96
0.035960249007097045 97
0.035962621941438185 98
0.036687068385332366 99
0.03703456918874415 100
0.03759372063773764 101
0.037871611747804734 102
0.0383405478976232 103
0.03858587869091662 104
0.038767773214140204 105
0.03913846126885262 106
0.03931673065692854 107
0.040216225133985976 108
0.04089817499579396 109
0.041373432203530236 110
0.042807988349837456 111
0.042969690811785866 112
0.0432403123103483 113
0.045521700556043876 114
0.045760948946855895 115
0.045830617770487136 116
0.04589395267774393 117
0.046299960654041614 118
0.046858905222372786 119
0.04748005451632703 120
0.04791890215786132 121
0.04799873617172817 122
0.04806181502149774 123
0.0483069378611778 124
0.04838576199145184 125
0.04855232554032035 126
0.048871545086058274 127
0.048879951966152635 128
0.04888938923918479 129
0.04914882758869876 130
0.049165531530489526 131
0.04922643464472976 132
0.049235470081729515 133
0.05020936433162698 134
0.050281950090398764 135
0.05047093096762174 136
0.05047619114324182 137
0.05077580243593327 138
0.05096264059568222 139
0.051019887171810115 140
0.051627265128087185 141
0.05216187074003681 142
0.052373950905944884 143
0.0531264324827015 144
0.05336340486708157 145
0.05365536445997942 146
0.05381360305486716 147
0.053895813182218706 148
0.05397101620192112 149
0.05411040582622567 150
0.054638236649684535 151
0.05593358922972791 152
0.05628921056394809 153
0.05649957797991607 154
0.05659419602758215 155
0.05675142921951021 156
0.05675778302475453 157
0.056808760341494347 158
0.05681768083052474 159
0.05696124825857162 160
0.05700979498504794 161
0.05704163716353061 162
0.05709368502489447 163
0.05774080835214363 164
0.057765483684051926 165
0.05794039840370197 166
0.05794149945633137 167
0.05831652837671175 168
0.05871044765089412 169
0.05882511416250752 170
0.05927508640655304 171
0.05948153078325257 172
0.059927417608828075 173
0.06032350196503683 174
0.06076282479980649 175
0.06094030570325165 176
0.061083518997823556 177
0.061103009342885636 178
0.061278758592647205 179
0.06145026621001942 180
0.06169152261288974 181
0.06169854238666284 182
0.06170394693977339 183
0.0617364476296694 184
0.0629856384023369 185
0.06312680455703024 186
0.06378457323994825 187
0.06397620255855307 188
0.0640793353789147 189
0.06431071177666142 190
0.06503252265133236 191
0.06504844705220131 192
0.0650754162896855 193
0.06533096781996056 194
0.06602107120255747 195
0.06608373515432325 196
0.06675731149710157 197
0.06696230109895035 198
0.06821483153554049 199
0.06843210296943607 200
0.07010902228240053 201
0.07018159156257253 202
0.07025688060909946 203
0.07043575513195777 204
0.07094954225693778 205
0.07129218701520652 206
0.07171811438095506 207
0.07185689071017609 208
0.0720180175863307 209
0.07291905936564119 210
0.07350523629717247 211
0.07395036709794817 212
0.07435980311971352 213
0.07448737136675747 214
0.07547480550354763 215
0.07627660708462541 216
0.07666355529823182 217
0.0767413522638063 218
0.07697151043672013 219
0.07700536572696437 220
0.07705897271982964 221
0.07809939759402967 222
0.07818841811735083 223
0.0784550681675123 224
0.0791340864316063 225
0.07931020936293831 226
0.07939670759339558 227
0.0807631488257466 228
0.08103580571439406 229
0.08106258488103224 230
0.0817424461945267 231
0.08193847746578314 232
0.08206509060038897 233
0.08276826075805233 234
0.0827808744908678 235
0.08290259261389993 236
0.08313021607964566 237
0.08315203928394554 238
0.08439073204732273 239
0.08475882374325511 240
0.08493179336814616 241
0.08522831941768466 242
0.08525209463269623 243
0.08573835169356364 244
0.08575452836199612 245
0.08593160548974817 246
0.08598514685157739 247
0.08690167772043751 248
0.08711774959164054 249
0.08721477842594748 250
0.08872927847385376 251
0.08878942846031096 252
0.08902648723875285 253
0.08921461726862101 254
0.08925214489590078 255
0.08998346365627329 256
0.0904808700425012 257
0.09090948041216196 258
0.09136853871451184 259
0.09170304598654702 260
0.09179998656160676 261
0.09339578379901271 262
0.09365182596485772 263
0.0941196832535422 264
0.09447084627340634 265
0.0945780026389283 266
0.09472717965634979 267
0.09499833662083534 268
0.0951684331588784 269
0.09526176889739661 270
0.09567629256546419 271
0.0960235061318206 272
0.09610670491355595 273
0.09620390254619077 274
0.09633652396052951 275
0.09649404736986596 276
0.0968304485210215 277
0.09710356885278885 278
0.09715903625412257 279
0.09718970599731495 280
0.09720918291372464 281
0.0974422826697513 282
0.0975550512305901 283
0.09770326113126586 284
0.09791866680004996 285
0.09808195920466199 286
0.09816674898564347 287
0.09819957865519337 288
0.09870281465963886 289
0.09908611629146484 290
0.09952697902447892 291
0.09979608352011604 292
0.09983149346828461 293
0.09984575742169127 294
0.09995102291735442 295
0.10019322276058866 296
0.10032429667247976 297
0.1008448927334261 298
0.10115015502773227 299
0.10132625784975562 300
0.10147788039887007 301
0.1017242142468767 302
0.1019876053428645 303
0.10269748793117256 304
0.10301327154479206 305
0.10356340558809184 306
0.10372616692904792 307
0.10440731951343209 308
0.10469401404024514 309
0.10491625209934141 310
0.10673197877340736 311
0.10677040715857206 312
0.10677475080177799 313
0.10698588045326195 314
0.1075658520016377 315
0.108044988858787 316
0.10811869730792113 317
0.108211285363828 318
0.1089266089900628 319
0.1090950764519464 320
0.10918840936127616 321
0.1093314016853722 322
0.10941918996449475 323
0.10978193390780255 324
0.1098166052999264 325
0.10982055711042937 326
0.1099371118177417 327
0.10994215522993321 328
0.10997876592824025 329
0.11016735659622122 330
0.11058543914382457 331
0.11076593634564552 332
0.11126046241263382 333
0.1117067691241646 334
0.11186293350161071 335
0.11188285108001494 336
0.11221847165745748 337
0.11229929375077195 338
0.11254222270680891 339
0.11321352467910856 340
0.11331999708702432 341
0.11345022449435971 342
0.11375581625678109 343
0.11376988384866472 344
0.1139407461126636 345
0.1139774861038117 346
0.11426021132991777 347
0.11487540496623184 348
0.11498974860470544 349
0.11570062006677773 350
0.11587555606543692 351
0.11588006630863458 352
0.1168989135980701 353
0.1169260371307975 354
0.11705235816681676 355
0.11728630138718879 356
0.11892755556220515 357
0.11895764983092454 358
0.1194599934274777 359
0.11949663182473085 360
0.11963591544307256 361
0.12038575770765222 362
0.1204310409802225 363
0.12045264910477088 364
0.12050976967585696 365
0.12056439218368427 366
0.12056525026944165 367
0.12073382678023169 368
0.12196802984157092 369
0.12287406702337866 370
0.12297304866597779 371
0.12380019277215232 372
0.12408604701018067 373
0.1245213156297304 374
0.1247300795390482 375
0.12473805147993751 376
0.12490752728575043 377
0.1259319799430805 378
0.12598644780362542 379
0.12606584065607085 380
0.1265675341106481 381
0.12716225211177345 382
0.12735812392513196 383
0.12780257832831357 384
0.12817095762430022 385
0.12830591787624657 386
0.12902495932683203 387
0.12927936191870296 388
0.12937436675749975 389
0.1298452111202742 390
0.1301016956977744 391
0.13071537168648467 392
0.13091785523555466 393
0.13095786881077334 394
0.13113238279866024 395
0.13210179211592638 396
0.13228869963406428 397
0.13249932833333902 398
0.13254618834183501 399
0.13270849571438514 400
0.13502095938815484 401
0.1351432767089102 402
0.13593563065727504 403
0.13609147139326055 404
0.13625985904087762 405
0.1368951496596299 406
0.136948570227169 407
0.1371944967314837 408
0.13729083047726268 409
0.13750863099475719 410
0.1375174311378339 411
0.13755847735174853 412
0.13818017207383354 413
0.1382373991790234 414
0.13826005345956144 415
0.1387040711506966 416
0.13885093619437938 417
0.13902158176250096 418
0.13913737957797243 419
0.1393605561345363 420
0.13936335025001723 421
0.13970171636642292 422
0.14119877080472562 423
0.1412095567698215 424
0.1420895989617787 425
0.14264423164823342 426
0.14277241528978127 427
0.1430691351835668 428
0.14370655345487815 429
0.1441590469989938 430
0.14430817802608836 431
0.14447277431245287 432
0.14453262259850674 433
0.14583934638257195 434
0.1460329042736055 435
0.1460357217562265 436
0.1461243893831497 437
0.14716508303534576 438
0.1473331804550891 439
0.1473682603911003 440
0.14743027717875476 441
0.14757169567384906 442
0.14757979531387028 443
0.14779090471960443 444
0.14831687861980158 445
0.1486048075222629 446
0.14915212680582407 447
0.1493601185197565 448
0.14945912926281602 449
0.14947513735096232 450
0.14961417090494997 451
0.1498880030588291 452
0.15010404339067862 453
0.1502676910866602 454
0.150800751534439 455
0.1511865272351724 456
0.15145748775753307 457
0.15148655854688994 458
0.15175172521939653 459
0.15188436098159755 460
0.15196092389385232 461
0.15200464136317687 462
0.1525486162023749 463
0.15307391281899163 464
0.1531638715820277 465
0.15321543716455036 466
0.15356610216958919 467
0.15375890657120125 468
0.15382435814148654 469
0.15460340459469632 470
0.15462398458292043 471
0.15478125123300443 472
0.15525242137815354 473
0.15536255633745344 474
0.1554762381682399 475
0.1555070995735551 476
0.1558148157140477 477
0.15597921130191172 478
0.15605718282657888 479
0.15639181675940256 480
0.15670114755036096 481
0.1575734711148 482
0.15771181961735758 483
0.1579917806146791 484
0.15825783943026006 485
0.15854807596107187 486
0.15941085199247748 487
0.15951455649138063 488
0.15951562563400906 489
0.15966635770154144 490
0.15979261573710007 491
0.1604722706315014 492
0.16054593431397246 493
0.16140172167541722 494
0.1619108826144996 495
0.16201392141131266 496
0.16204672816173504 497
0.1620616485287175 498
0.16214284389950914 499
0.16231094773422133 500
0.16248962027598746 501
0.16256572609831887 502
0.16266579971372105 503
0.16285298044050747 504
0.1629830454130145 505
0.16454612806222418 506
0.16502711321336982 507
0.16535213569619997 508
0.16535862878458338 509
0.1654041735720976 510
0.1661116664011782 511
0.16648693188435637 512
0.16713542271349827 513
0.16721752609112553 514
0.16734161693784902 515
0.16770915619405186 516
0.16783988183776816 517
0.1683318651402561 518
0.1683515913316983 519
0.1685895767670536 520
0.168644172469618 521
0.16894689905613652 522
0.1695600953177973 523
0.1697252062592273 524
0.16996969959805308 525
0.1703521788680643 526
0.1705863527601177 527
0.17067723113921554 528
0.17093049389398488 529
0.17138424584522383 530
0.17165777905606264 531
0.1720054197358995 532
0.17225859723125272 533
0.1726933098792797 534
0.17270165963650175 535
0.17299307407843353 536
0.17339876005533347 537
0.173601678500738 538
0.17364847757127788 539
0.1736926458670378 540
0.1737738535448974 541
0.17385459893555022 542
0.17404121549696067 543
0.1741524155659705 544
0.1744983950568604 545
0.17525708233018691 546
0.17533601801292656 547
0.17597965896401543 548
0.1764504971696449 549
0.17694660498846757 550
0.1770023438025831 551
0.17765563466818166 552
0.17774400184122333 553
0.1777692908062391 554
0.17793897295758693 555
0.1788171193438269 556
0.1794480147627769 557
0.1795478480705186 558
0.17955077173077424 559
0.17971084994381323 560
0.17983781244371314 561
0.1804024762274728 562
0.18046568697434143 563
0.18060844339723198 564
0.18090818371185233 565
0.1811240899146909 566
0.1811928515686195 567
0.1813502148884984 568
0.18186197509259086 569
0.1821388568693289 570
0.18291989666407973 571
0.18317182426338915 572
0.1835013305140387 573
0.18356327184982082 574
0.1840629284928594 575
0.18423948286867936 576
0.18479298820931292 577
0.18509188707948776 578
0.18584238180558563 579
0.18607038900202566 580
0.1873413440231211 581
0.1873959342360997 582
0.18757391998672296 583
0.18758750421914477 584
0.18793505070418023 585
0.1883161091538863 586
0.18841384494817176 587
0.18856699079661557 588
0.18856722265696554 589
0.18964669597889341 590
0.1896795808563204 591
0.18976138326635605 592
0.19006912318576258 593
0.19027174001413028 594
0.19085983859710012 595
0.19108058127159258 596
0.191341942421238 597
0.19161505835430037 598
0.19174879899187627 599
0.19179587566446338 600
0.19180038696613655 601
0.1918821886555744 602
0.19221119050600974 603
0.19223456444447437 604
0.19240457391434834 605
0.1933836899865451 606
0.19373084827825363 607
0.19389683468817023 608
0.1942426459159822 609
0.194513995918676 610
0.19471177962106023 611
0.19477144782602873 612
0.195067245596337 613
0.19652851752571637 614
0.19661671244381376 615
0.19663045713329966 616
0.19665867308789967 617
0.19670106789067943 618
0.19710177277569152 619
0.1976472740103519 620
0.19881874768950075 621
0.19924186874734806 622
0.19944349187067215 623
0.19952931825113124 624
0.2004044141652489 625
0.20092657029418476 626
0.2011890987455452 627
0.20127818137379244 628
0.2017166387960874 629
0.20231259493781684 630
0.2026392517202556 631
0.2031598596416574 632
0.20342705578924652 633
0.20370346190164781 634
0.2038015146570024 635
0.20486685708233832 636
0.20609404520915117 637
0.2062385402488407 638
0.2068836666902623 639
0.20688701326425973 640
0.2071301258605363 641
0.20718122108239234 642
0.2072125130546922 643
0.2072157946909882 644
0.20750683479051324 645
0.20751283116690697 646
0.20751514319090733 647
0.20780534702994818 648
0.20802847209808592 649
0.208270099643829 650
0.2083576509341171 651
0.2085047671390586 652
0.20929584459080777 653
0.20939121959846488 654
0.20943999810845662 655
0.20958631732579697 656
0.21038323055792535 657
0.21049104669790103 658
0.21051517871132763 659
0.21056052028805336 660
0.21063460731888267 661
0.2109862451309822 662
0.2116684941520227 663
0.21189057504865877 664
0.2125365045925078 665
0.2126301834608414 666
0.21293325578096237 667
0.2133947649863128 668
0.2136504797115987 669
0.21450506423119473 670
0.21483731154603625 671
0.2156231346535945 672
0.2158791524856371 673
0.21640444414385837 674
0.21643315892437143 675
0.2165206698055131 676
0.21693221434338783 677
0.21693857881821632 678
0.21699209532837693 679
0.21719137295849175 680
0.21734354309164525 681
0.21773489552680783 682
0.21786626417150204 683
0.2181151314927736 684
0.21825033961449838 685
0.21907869031516966 686
0.21947967516293268 687
0.2201533279700365 688
0.2201965801775794 689
0.22051539717162863 690
0.22056521903620407 691
0.22076115487248485 692
0.22104456484022966 693
0.2211116603063177 694
0.22112759448541192 695
0.22116700502200443 696
0.22148615123279455 697
0.22170591382961216 698
0.22197670164099825 699
0.2224863310574955 700
0.22255490746023507 701
0.22338871696113416 702
0.2237157017129516 703
0.22380922234412307 704
0.22386476743273218 705
0.2241200370135923 706
0.2242897754576825 707
0.22504197227934186 708
0.22507864815805464 709
0.22522728424960123 710
0.22524046512226603 711
0.22537519215048582 712
0.22620686627782668 713
0.22624666805309646 714
0.2268364926092517 715
0.2269517947134169 716
0.2269593398155356 717
0.22699264985207868 718
0.22703491293639805 719
0.22707000240661473 720
0.227741082399971 721
0.22815878637002915 722
0.22876053517936398 723
0.22915645250615482 724
0.22950797299086922 725
0.22980711615339047 726
0.23090052386948604 727
0.23122950566322198 728
0.2316822762228737 729
0.231981837996599 730
0.23303390783620442 731
0.23324727798322173 732
0.23377604558912454 733
0.23406030402926217 734
0.23419476139347978 735
0.23515607216691256 736
0.23553142939824645 737
0.23573324352857042 738
0.23585552939327514 739
0.23666183362718207 740
0.23674084024025677 741
0.23738958484949446 742
0.23759744599700308 743
0.23826234010065414 744
0.24049219005864964 745
0.2405091822170662 746
0.24077620840906405 747
0.2410617574917275 748
0.2411544382812905 749
0.24202918512647612 750
0.2421473422682812 751
0.24216891843803084 752
0.24232942891612066 753
0.24244717241019167 754
0.24245448208885115 755
0.24266580593002093 756
0.24380607862556286 757
0.24420388859486236 758
0.24539455031906537 759
0.245570951428029 760
0.24564183337013082 761
0.2458464766579603 762
0.24599035840665448 763
0.2464905435799994 764
0.24654968192498308 765
0.24726184996806055 766
0.2474712119017515 767
0.2477571098412097 768
0.2479472286683907 769
0.24854858329116408 770
0.24868698019928068 771
0.24902968469015085 772
0.2503228706172063 773
0.25045159123398053 774
0.2505619527125205 775
0.25080299417274515 776
0.2509396541436525 777
0.2517963552353249 778
0.2520201599461214 779
0.2522071839018462 780
0.25247473165789647 781
0.25259002957214916 782
0.25273515013448855 783
0.25294385094403116 784
0.25345483154534404 785
0.2535328551410398 786
0.253825526409213 787
0.25439187388424717 788
0.25495588564061156 789
0.25565291552112884 790
0.2579313047759012 791
0.25810393684058514 792
0.2581204355783023 793
0.25909503645687426 794
0.25949063145663076 795
0.2599798621207271 796
0.2599859672117232 797
0.26003424952150295 798
0.2601474540951112 799
0.2604939744635048 800
0.2609703361646316 801
0.26101235137532064 802
0.2616568368945276 803
0.26169636355421894 804
0.2622124130414529 805
0.26382343917379214 806
0.26393277986132774 807
0.264542769609866 808
0.26471110579718893 809
0.2657657400780104 810
0.2672809815078044 811
0.26734456060256734 812
0.26765601543625794 813
0.2680989700776195 814
0.2681697764485949 815
0.26839907074211805 816
0.2691892001304572 817
0.269687075926221 818
0.269922548563328 819
0.27020069739577807 820
0.270550482586865 821
0.2709692604852395 822
0.27100430612307397 823
0.27133682666001785 824
0.2718937436499165 825
0.27200777633058615 826
0.27272949756815484 827
0.2733814893331697 828
0.27363912092833415 829
0.27372833196652735 830
0.2748625287908524 831
0.27486842949621276 832
0.2759473247870634 833
0.27595073878370163 834
0.27607627879859975 835
0.27642044630723184 836
0.2767797727265962 837
0.2768054571739542 838
0.27711449417721645 839
0.2773072161346171 840
0.27759776144946535 841
0.27901157136240906 842
0.2794285374402676 843
0.2797933837316425 844
0.28003690582077356 845
0.28036156166223886 846
0.2810319308945812 847
0.28136026471228376 848
0.2818749469700513 849
0.2823472871211021 850
0.28237244026636166 851
0.28237449349076316 852
0.2826022802684865 853
0.28291251093142233 854
0.2829540411171262 855
0.28388231299835975 856
0.2839166852503595 857
0.2844802009942306 858
0.2846237649695557 859
0.28501555927673256 860
0.2853139634344358 861
0.2858079719816301 862
0.28586893727807133 863
0.28626891756570105 864
0.28645031319931014 865
0.28647440330218343 866
0.28679622686391365 867
0.2876932319963112 868
0.28875499275363076 869
0.2896402182322604 870
0.2896682742286164 871
0.28996741778948504 872
0.2904894008945313 873
0.2910687920686018 874
0.2910985259733519 875
0.2915266428460562 876
0.2915435734694964 877
0.2919748129434815 878
0.29220330089920415 879
0.2923744200549243 880
0.2932441340498768 881
0.2932699921864678 882
0.2933420202959146 883
0.2933956882307463 884
0.29353311487010647 885
0.29359222113644234 886
0.2938717270897571 887
0.29393156311208835 888
0.29393255126915874 889
0.29456873825222535 890
0.2945718901219699 891
0.29492993891548 892
0.2950947137884602 893
0.29514744143519583 894
0.29533333797035344 895
0.29537958334088693 896
0.29548281806471477 897
0.29581992249562816 898
0.2958953090316271 899
0.29593437663761535 900
0.295997550183499 901
0.29601893474445873 902
0.2964108524103334 903
0.2964225229188223 904
0.2966689852427275 905
0.2967487608777603 906
0.2969682396079766 907
0.2978540128496235 908
0.29825533521301895 909
0.29850047947040886 910
0.29861537413103295 911
0.2990820979264446 912
0.2997365477124988 913
0.29988355452264587 914
0.3002025117745494 915
0.3005427393734807 916
0.30082168470262316 917
0.3010143600167137 918
0.3010776782847833 919
0.3016885725112462 920
0.3022589234531671 921
0.3024334689929986 922
0.30256807059214 923
0.30304740863019103 924
0.3030539263675161 925
0.30359500984373744 926
0.30380479709905 927
0.30393334955524515 928
0.30415058819108753 929
0.30467363806846576 930
0.3049325091166933 931
0.30515485783887086 932
0.30524876442850757 933
0.305390818361612 934
0.3056942494786617 935
0.3061701724211486 936
0.3061950969149979 937
0.3069763368492016 938
0.3070267383936956 939
0.30777825231389644 940
0.30831421632786876 941
0.30870747170129703 942
0.3087278209985594 943
0.3093481410537895 944
0.3097011854931289 945
0.31075461106795993 946
0.31088323637513626 947
0.31140240651435847 948
0.3114748846900935 949
0.3115199677102325 950
0.31162853732401663 951
0.3119992234716318 952
0.31276694592395216 953
0.31311891775809886 954
0.3131840299403441 955
0.3143220958174873 956
0.3148156749929506 957
0.3148320003818314 958
0.3159572178330586 959
0.3159923986029703 960
0.3162627370155649 961
0.31650126647746274 962
0.3166777353576267 963
0.3168727949787855 964
0.31690865612203933 965
0.3169380399851221 966
0.3170045071009061 967
0.31708587183823994 968
0.317211695171218 969
0.3176751811933365 970
0.3178444282237819 971
0.31871641737686185 972
0.3193131866387344 973
0.31935785808090983 974
0.3208630382413363 975
0.3213008127056737 976
0.32220229427316255 977
0.32231300985427613 978
0.3223692718841497 979
0.322475667011311 980
0.3233267252346488 981
0.3236586159048581 982
0.32395592814709007 983
0.32464517951977784 984
0.32467520153109275 985
0.324871158231473 986
0.32543553314560025 987
0.3256559856083543 988
0.3259650609680752 989
0.3260882356457664 990
0.32614555683788804 991
0.32622289525563875 992
0.32629284349262483 993
0.3263736877201904 994
0.32661113758217536 995
0.32662823852557377 996
0.32755968670180097 997
0.3282008775510319 998
0.3291744501698974 999
0.32980208093256047 1000
0.3298224439456983 1001
0.3299171314291707 1002
0.3304368681974168 1003
0.33097290314448025 1004
0.33142847295727923 1005
0.33162000368760003 1006
0.33273706358239963 1007
0.33355048194926157 1008
0.3336429793480824 1009
0.333684213489768 1010
0.3339217254871675 1011
0.33402964979259536 1012
0.3340651466407074 1013
0.33425441039582254 1014
0.33428052681351644 1015
0.33465219263870843 1016
0.3347343095243907 1017
0.3347359091567834 1018
0.33554679966344786 1019
0.33571212038135134 1020
0.3360464698068587 1021
0.33612289583007077 1022
0.33627631349635806 1023
0.3368486744786194 1024
0.33699926399438285 1025
0.33822099146960766 1026
0.3384900410325296 1027
0.33948544641856904 1028
0.3394959561335406 1029
0.33978556359863993 1030
0.3409628897273592 1031
0.34096873339268685 1032
0.3413305161248647 1033
0.34145224246833245 1034
0.3414765512089769 1035
0.3419617439991328 1036
0.34273698685047116 1037
0.3429693558161997 1038
0.34299358916594175 1039
0.34397723325794194 1040
0.34501160433496075 1041
0.3450146893023213 1042
0.34524194767604466 1043
0.34542078863602654 1044
0.34544212793619006 1045
0.3455681970675338 1046
0.3457401843236502 1047
0.3458815465086214 1048
0.3461514698904993 1049
0.3463345300964126 1050
0.34658162274822374 1051
0.34689705285062095 1052
0.3469771732192764 1053
0.3470915457765367 1054
0.34726245289168844 1055
0.34763442002722006 1056
0.3478871125108968 1057
0.34850143245438747 1058
0.34909969024747994 1059
0.34923484624850887 1060
0.3492885156051711 1061
0.3494195451682756 1062
0.34943522668050186 1063
0.34971322509859193 1064
0.3498845938561932 1065
0.3499238695709128 1066
0.35006248370752674 1067
0.3501383480179255 1068
0.3505799230272332 1069
0.3506189432176915 1070
0.35156536279445033 1071
0.35171831966848016 1072
0.35194955642562664 1073
0.3520204923051036 1074
0.3523772976354512 1075
0.35256048214220975 1076
0.35322544443766624 1077
0.35326033436156834 1078
0.3532880518788577 1079
0.3538234250540209 1080
0.355164817934119 1081
0.3556552662931825 1082
0.3558447598438731 1083
0.35608677437532515 1084
0.3563962737373073 1085
0.3566339800891098 1086
0.35671482839845514 1087
0.357420232743837 1088
0.35770184641708186 1089
0.35835000554313023 1090
0.35886024418900664 1091
0.359317668111429 1092
0.35975239707851264 1093
0.3603030521970295 1094
0.36032118451461737 1095
0.361053367834545 1096
0.36111378526050725 1097
0.361625946275661 1098
0.3617560862175387 1099
0.3617650852389105 1100
0.36233093768192826 1101
0.3623575236916918 1102
0.3624292068243645 1103
0.3630998275047937 1104
0.3634373456557136 1105
0.363468026153502 1106
0.36400168149527296 1107
0.36407141773366386 1108
0.3640833388133315 1109
0.36451173537350434 1110
0.3646945143128303 1111
0.3648521980310523 1112
0.3655545529712779 1113
0.36577679303469623 1114
0.3668083177829151 1115
0.3676117522769462 1116
0.3677844288635269 1117
0.36781633455523244 1118
0.36901878839838365 1119
0.36920457145567603 1120
0.3694078115117315 1121
0.3698043952359484 1122
0.3698204073420507 1123
0.36997890226910224 1124
0.37152297715038246 1125
0.3718622301083475 1126
0.3728841895683743 1127
0.373479844205713 1128
0.3736762853923013 1129
0.3744695061823949 1130
0.37488725623919894 1131
0.37508933095227764 1132
0.3753580761933825 1133
0.3755869833775516 1134
0.3758757869730327 1135
0.3766690520908197 1136
0.37712781234396237 1137
0.3778044034724618 1138
0.377948854633568 1139
0.3782858114608744 1140
0.37843728635633117 1141
0.3786209216545622 1142
0.37868730344465384 1143
0.37930214453015226 1144
0.3796635952921257 1145
0.3798514675405795 1146
0.3799227249213425 1147
0.379932461434661 1148
0.38030611820630394 1149
0.3812775570543902 1150
0.3816705795430473 1151
0.38186682164042995 1152
0.38187277441690265 1153
0.3820495586260567 1154
0.382366931690382 1155
0.3824385684428233 1156
0.38254589293188324 1157
0.3831715823461492 1158
0.38339025508200514 1159
0.38350603569895986 1160
0.38448276039637497 1161
0.384677468341903 1162
0.3847461771251966 1163
0.3854915793434115 1164
0.3859328970358678 1165
0.3869538863254703 1166
0.386960279032579 1167
0.38723405005838046 1168
0.3872930073451027 1169
0.38793581166694446 1170
0.38846723804869443 1171
0.38909871785593614 1172
0.3894392017670804 1173
0.3895994639546176 1174
0.3905067648347358 1175
0.39071613637169145 1176
0.3910245856964702 1177
0.39123109037618636 1178
0.39133020508284794 1179
0.39140559095201943 1180
0.39256737224708316 1181
0.39261398562584543 1182
0.3929621831524699 1183
0.3930460501867257 1184
0.3933060531115647 1185
0.39345050926704317 1186
0.39416465073013623 1187
0.3944688840693365 1188
0.3952783228566754 1189
0.39535895924920267 1190
0.39545330656558036 1191
0.3955680855470987 1192
0.39557497468242014 1193
0.39564505196769834 1194
0.3958600184814158 1195
0.39620837333377096 1196
0.39654033011449547 1197
0.39659339386904413 1198
0.39701114260942344 1199
0.3972616965432304 1200
0.39746336170810037 1201
0.3978796503892452 1202
0.39798076254262277 1203
0.3980548652631763 1204
0.39857762570186694 1205
0.39897359097114926 1206
0.3991685491624762 1207
0.3992226206966565 1208
0.39932135813018066 1209
0.3995412007545576 1210
0.39973551438477334 1211
0.40045626814755786 1212
0.4007999808294081 1213
0.40144007471209586 1214
0.40180679442681255 1215
0.40187793008185757 1216
0.40227265586088556 1217
0.4024782074320633 1218
0.40263873758991514 1219
0.40291492824684205 1220
0.40296699835908484 1221
0.4037171668729716 1222
0.4037766912324393 1223
0.40397556139328417 1224
0.4042318449430077 1225
0.4042827452779308 1226
0.4045761794501619 1227
0.4050096520792831 1228
0.40565363406679017 1229
0.40574658173869893 1230
0.4059001484765203 1231
0.4064276022226761 1232
0.40783619830965717 1233
0.4080631181053031 1234
0.40819727171542225 1235
0.4083639368459119 1236
0.40855651421387174 1237
0.4086618532730562 1238
0.4094659733980334 1239
0.4099226214081476 1240
0.41027970893917826 1241
0.4103440503754528 1242
0.41050168284665334 1243
0.4106448753226689 1244
0.41079708293156864 1245
0.41086866680564754 1246
0.4111017058669467 1247
0.4112258389479648 1248
0.4118602711792126 1249
0.41291837174223067 1250
0.4131096299822546 1251
0.41426400653281076 1252
0.416036591454702 1253
0.4162664990996199 1254
0.41671830030384266 1255
0.4177041204374735 1256
0.41794658860793765 1257
0.417955413304705 1258
0.41814589633886584 1259
0.4181575385819356 1260
0.4183055357373486 1261
0.41853694331888075 1262
0.4188693486790776 1263
0.41931959732913143 1264
0.4199317589885247 1265
0.4200320184511222 1266
0.4201891058297265 1267
0.42062000530106164 1268
0.4218561526710578 1269
0.421923718053306 1270
0.42199198618437256 1271
0.42221938740315174 1272
0.4230181337725176 1273
0.42302551092825025 1274
0.42420191384013356 1275
0.4256918211285129 1276
0.42628189686229756 1277
0.4263575313051814 1278
0.4267312099437231 1279
0.4271481806221353 1280
0.42781756980129565 1281
0.4279284952860539 1282
0.42867018800889856 1283
0.428940809968023 1284
0.4290635552341803 1285
0.42910623562599337 1286
0.43040874986019334 1287
0.4309279993889233 1288
0.4310341619225209 1289
0.4311335343168028 1290
0.43137243641667183 1291
0.4315551299154024 1292
0.43191069533350346 1293
0.4322639151852356 1294
0.4324990462799686 1295
0.4326033440739364 1296
0.4326675643146056 1297
0.4326818497864534 1298
0.4330310337460824 1299
0.4335560022172227 1300
0.4337931041311663 1301
0.43422886385544296 1302
0.4350643896761286 1303
0.4353019028216929 1304
0.4373772431139169 1305
0.437423830839081 1306
0.43758185756330037 1307
0.43790437496870316 1308
0.4383070388577636 1309
0.4386616704383513 1310
0.43869877299607335 1311
0.43936869193191264 1312
0.4395680890356168 1313
0.4397144666882095 1314
0.4397279346485442 1315
0.4401101932403478 1316
0.44077316266158884 1317
0.44108681630671476 1318
0.44113380871768465 1319
0.44136664353168237 1320
0.441630907811138 1321
0.4421467904496507 1322
0.4425717596454917 1323
0.44313523119414644 1324
0.4432438705717078 1325
0.44365216281435893 1326
0.4436644152148053 1327
0.44411309715531466 1328
0.44413782722773004 1329
0.4444268035971835 1330
0.4444580062364078 1331
0.4446423654852463 1332
0.44465052699299196 1333
0.4448702172593567 1334
0.4451636214982416 1335
0.4455834692787469 1336
0.44564226978492594 1337
0.4456745417449186 1338
0.44587981502866264 1339
0.44668020238595896 1340
0.4471281064670285 1341
0.4472960180776497 1342
0.4480890887092778 1343
0.4480897411309474 1344
0.448524444810222 1345
0.4485501461799875 1346
0.4487591561966308 1347
0.4496372329430451 1348
0.4497026337860429 1349
0.4497441413746477 1350
0.45061452401822083 1351
0.4511336810988742 1352
0.4515750365339179 1353
0.4524050828463996 1354
0.453463264770037 1355
0.45356843002873903 1356
0.45402013670432506 1357
0.4540462709653102 1358
0.45423980937101094 1359
0.45433400844147187 1360
0.45444381038751114 1361
0.4544691913623734 1362
0.45458273006653643 1363
0.4549849624895203 1364
0.45618602995417484 1365
0.45652604062912355 1366
0.4567654952642914 1367
0.45683264416981084 1368
0.457147612588298 1369
0.4573485710599679 1370
0.4581572516441065 1371
0.4586419600736683 1372
0.45906965649014836 1373
0.4591297503785799 1374
0.4594651585312527 1375
0.4599940200527281 1376
0.46016353290004375 1377
0.46020160086602846 1378
0.46038819601894393 1379
0.46048374698897965 1380
0.4605122743170717 1381
0.4607839861174023 1382
0.4608759940025986 1383
0.4612149255353348 1384
0.4620507363893327 1385
0.4627266271749966 1386
0.46286609382562516 1387
0.4631154860715508 1388
0.4631487064453939 1389
0.4639892980666942 1390
0.4640149619840584 1391
0.464891525839059 1392
0.4650735199097893 1393
0.4651076254192909 1394
0.46520346129501 1395
0.46549381372733467 1396
0.4662684433696247 1397
0.4668088772714113 1398
0.4670482084078593 1399
0.46705303672710735 1400
0.46717334423111206 1401
0.4672128843394702 1402
0.46755066872438045 1403
0.4677996569379711 1404
0.46822928223941884 1405
0.4683039751270999 1406
0.4686244190767888 1407
0.469873498712884 1408
0.4699862378480981 1409
0.4699915313129206 1410
0.47038287276988194 1411
0.4705647528951261 1412
0.4707332607391158 1413
0.47090765848349647 1414
0.4713206712247613 1415
0.471672298779753 1416
0.4717639391362117 1417
0.47197377907206234 1418
0.47228510426783765 1419
0.4725947164787383 1420
0.47279641874675593 1421
0.4732170647980295 1422
0.47384253333443127 1423
0.4739987136332161 1424
0.4740519370482119 1425
0.4743283154288814 1426
0.47443987674102533 1427
0.47488726344299803 1428
0.475324398023165 1429
0.4757220435158218 1430
0.47589007006079714 1431
0.4758959815910286 1432
0.47622158544539067 1433
0.47642017406832177 1434
0.4766479088642238 1435
0.47739597653920446 1436
0.4774628398404119 1437
0.47853582808974476 1438
0.4789247641804942 1439
0.4791648136370909 1440
0.4795446465384795 1441
0.47981925222347294 1442
0.480096749181987 1443
0.4805462280557457 1444
0.4810185081854633 1445
0.4812985173244772 1446
0.48139959110146163 1447
0.48200711296774884 1448
0.4822013162249745 1449
0.48235451068185686 1450
0.4826170563671945 1451
0.4829520105561371 1452
0.4830193957669876 1453
0.48304082599226333 1454
0.48325930788091126 1455
0.48463469564380424 1456
0.48512387064028084 1457
0.48530858903509194 1458
0.4859230484043718 1459
0.48632287740165053 1460
0.4863290078263584 1461
0.48709375337117256 1462
0.4875606623681422 1463
0.4877316650647468 1464
0.4881329562281258 1465
0.48887159853362516 1466
0.48892532269330236 1467
0.48996986376699103 1468
0.4904935923286618 1469
0.4905280268916213 1470
0.4906600117196765 1471
0.4910192088037499 1472
0.4913011397481855 1473
0.4917146370101173 1474
0.4917497302018349 1475
0.4918865284993891 1476
0.4920222479541178 1477
0.49234274457051014 1478
0.4926062772133626 1479
0.4926136637273055 1480
0.49268200921855226 1481
0.49285552168060887 1482
0.49374764687225675 1483
0.49443747480497957 1484
0.49449938332342586 1485
0.49451007364763505 1486
0.49505444376966407 1487
0.4955525239171848 1488
0.4955728172859921 1489
0.49574690182152265 1490
0.49722550344883787 1491
0.497552079093725 1492
0.4976055413776164 1493
0.49811478841418766 1494
0.4981170175834217 1495
0.49864960388082014 1496
0.49882338930831466 1497
0.49945127710690157 1498
0.49949661587660565 1499
0.4998155154719591 1500
