0.42496714695104454 1
0.5129326161688531 2
0.5256717361635369 3
0.5292529421411732 4
0.5467253202262783 5
0.5564858559467033 6
0.5602594164041015 7
0.56331973088623 8
0.5637825959601027 9
0.5681979444602735 10
0.5717973018163895 11
0.5740563648587732 12
0.5742459633413354 13
0.5808928416481873 14
0.5815822642275651 15
0.5836707063402395 16
0.5837667599068402 17
0.5899741590004495 18
0.5928686523502842 19
0.5962314562287627 20
0.6032000641281766 21
0.6047952725885989 22
0.6064072456554548 23
0.6096754181803355 24
0.611240076032152 25
0.6189595056386494 26
0.6201737739559416 27
0.6210542775210781 28
0.6264800425516912 29
0.6271115327102216 30
0.6300488605296006 31
0.6301129065230536 32
0.6321573897863907 33
0.6330584859298178 34
0.6349710480786753 35
0.6366224652216529 36
0.6373385497793106 37
0.6382002789311393 38
0.6397704565841398 39
0.6399935406776228 40
0.6428250632846184 41
0.6429602820773559 42
0.6437499718148793 43
0.646033196835125 44
0.6478631438099317 45
0.6493222561629772 46
0.649882307946356 47
0.6505128804814776 48
0.6505138801482154 49
0.6512951052110632 50
0.6534885888506763 51
0.6560581107172977 52
0.6561100424095097 53
0.6577366426934423 54
0.6585700282870487 55
0.6611897725822782 56
0.6612609849423841 57
0.6644180551293584 58
0.6644663779731943 59
0.6651349537827231 60
0.6652777017880686 61
0.6678818430926262 62
0.6695736085342723 63
0.6704215955373231 64
0.6723319028549443 65
0.6724358171629657 66
0.6747019334334369 67
0.6748290736713001 68
0.675628783334704 69
0.6758292550722498 70
0.6759893441495297 71
0.6761689389709449 72
0.677755617523367 73
0.6784634443444962 74
0.6785210668040778 75
0.6808496123922779 76
0.6812939526162428 77
0.6829609098580774 78
0.683334527015689 79
0.6866907713776025 80
0.6870966906052572 81
0.6876781314075082 82
0.6877681466494299 83
0.6890604514612729 84
0.6895146947329513 85
0.689522295603525 86
0.6919659418962908 87
0.6930034046459805 88
0.6936781358546137 89
0.6946564838260955 90
0.695913768276132 91
0.6973946460511105 92
0.6974170610860043 93
0.6981009997354765 94
0.6988936299019939 95
0.6989566750005823 96
0.6991628138329823 97
0.6995524384043728 98
0.6998879041075142 99
0.6999010867439384 100
0.7004828235860291 101
0.7015913649334921 102
0.7036035146827738 103
0.7042900019533181 104
0.7054874597115435 105
0.7061463826395831 106
0.7062860333575016 107
0.7067798881132653 108
0.7078114745138299 109
0.7101039181119296 110
0.7103025208400592 111
0.7107078767996465 112
0.7118739387405467 113
0.7132482363991685 114
0.7135290760444959 115
0.7135578147591053 116
0.7139870032700992 117
0.7139870415860003 118
0.7146419793629278 119
0.7147944010070653 120
0.7151565026253268 121
0.7164005900243456 122
0.7168038661753265 123
0.7185807909466458 124
0.7186095432239566 125
0.7186871914149887 126
0.719342986714832 127
0.719485930132916 128
0.7197183963578049 129
0.7205393175526413 130
0.7226181741608195 131
0.7233205941098614 132
0.7233410749249143 133
0.7245504280065818 134
0.7248957872466812 135
0.725291892173462 136
0.7256151854683999 137
0.7256633178906643 138
0.728171664317907 139
0.7282245733192882 140
0.7282954961894127 141
0.7291907687445347 142
0.7300170151605838 143
0.7307970514336054 144
0.7314483881212777 145
0.7317947664620962 146
0.732138101685762 147
0.7330281634873179 148
0.733239105214067 149
0.7335340494111101 150
0.7338722150492555 151
0.7341570021171782 152
0.7358826095695863 153
0.735893985317485 154
0.7379755978752055 155
0.7384376825938717 156
0.7386876132964547 157
0.7387818823124201 158
0.7389266696685465 159
0.739172084813588 160
0.7393002813188406 161
0.7401311722763548 162
0.7405512469103119 163
0.7405570320126815 164
0.7405951394845891 165
0.740909232279017 166
0.7410048347371087 167
0.7413755781200905 168
0.7418819576991819 169
0.7418875668335134 170
0.7422248938101231 171
0.7425512305184044 172
0.7464655263965855 173
0.7467768037215226 174
0.7468580293909955 175
0.7483398044339542 176
0.7488969764910522 177
0.7492583939131205 178
0.7497873581570486 179
0.7499661854791969 180
0.750446167706072 181
0.7511191556373895 182
0.7514844752638133 183
0.7527397664695711 184
0.7528664943639843 185
0.7529704733033834 186
0.7531566212619918 187
0.7532037837028328 188
0.7533215830643629 189
0.7536371396526705 190
0.753893151842791 191
0.7545808556977167 192
0.756603771964954 193
0.7566582228876472 194
0.7568086053249756 195
0.7568884783433495 196
0.7579431088848654 197
0.7580799444052787 198
0.758080814762025 199
0.7587607966754424 200
0.7588316462738482 201
0.7590255913105819 202
0.7590810117354946 203
0.7596770452679175 204
0.7603662736132132 205
0.7605425128126883 206
0.7612452460784425 207
0.7613526365593496 208
0.7613958192060951 209
0.7620584562591671 210
0.7624648167345837 211
0.7624736511045884 212
0.7628173879798511 213
0.7630463046564564 214
0.7637655425863644 215
0.7644345618482129 216
0.7659171376687218 217
0.7665337672738264 218
0.7667849866770909 219
0.767086752826853 220
0.7678956315087045 221
0.7687271638687954 222
0.7688075242422354 223
0.7697575999652807 224
0.7698274985234145 225
0.7714990431278924 226
0.771782191033527 227
0.77179928130267 228
0.7726887249291259 229
0.7727282962248223 230
0.7730271969486603 231
0.7739295051097159 232
0.7741593161013784 233
0.7743145117813589 234
0.774369143141355 235
0.776348333758604 236
0.7764004542537563 237
0.7764620502899132 238
0.7765347144874979 239
0.7770885619618663 240
0.7784402970231824 241
0.7784635694422299 242
0.7786156424432285 243
0.7788233135524628 244
0.7789754071843392 245
0.7790997077639212 246
0.779264621113731 247
0.7797957811831688 248
0.7801469842784422 249
0.7807160622343156 250
0.7810455753221056 251
0.7812648174516941 252
0.7830382977076891 253
0.7832992434453652 254
0.7835433989330529 255
0.7835578572359849 256
0.7837054180929021 257
0.7844345104829836 258
0.7848689741630465 259
0.7849650215926847 260
0.7851810214291959 261
0.785373052968522 262
0.7866315347482253 263
0.7867951345529386 264
0.7868124604765845 265
0.7872663736160032 266
0.7878692524519445 267
0.788607757046393 268
0.7887566255652105 269
0.7888261645784255 270
0.7897332425480748 271
0.7898622314895184 272
0.7904224254543771 273
0.7913820005693474 274
0.7916300661376834 275
0.791898598037355 276
0.7925046802330492 277
0.7925578474720407 278
0.7932751552107031 279
0.7934037188490396 280
0.7935652526332551 281
0.7938451752799299 282
0.79394829038529 283
0.7941578340516121 284
0.7941882728399074 285
0.7943044709459411 286
0.7948658938335065 287
0.7950816697210202 288
0.795137431057986 289
0.7953831356455632 290
0.7958531988932646 291
0.7958982906343923 292
0.7965488665517177 293
0.7969092270772666 294
0.7969148059865452 295
0.797070021799272 296
0.797719433000586 297
0.7986208377363834 298
0.7990184749493916 299
0.7990333558387938 300
0.7993050403406574 301
0.799317384935676 302
0.7997585331884405 303
0.7997813831156094 304
0.8002686901993485 305
0.8004593757526537 306
0.8006226485140175 307
0.8006282953768397 308
0.8006880402867796 309
0.8009097555161084 310
0.8011704421247969 311
0.8013308459070023 312
0.8026149351057329 313
0.8026696583131803 314
0.8034295280631961 315
0.8039140589346138 316
0.8040414620068428 317
0.8051332613262362 318
0.8055675096354847 319
0.8056358487902285 320
0.8057064446715794 321
0.8057251254580889 322
0.8058139162270582 323
0.805970324805862 324
0.8062434811941276 325
0.8062690359444882 326
0.8063707475238567 327
0.8071504893458302 328
0.8072160957690508 329
0.8077771652465296 330
0.8081954716065555 331
0.8083689070397236 332
0.8084136737249877 333
0.8085877009547293 334
0.8086439609593835 335
0.8089565941743682 336
0.809011340026905 337
0.8095046999816676 338
0.8095425147427149 339
0.8104356000615521 340
0.8104735498905734 341
0.8113042904481124 342
0.811307134945143 343
0.8115941012842057 344
0.8117912441482907 345
0.8118243246208332 346
0.8122219666408491 347
0.8122594987414246 348
0.8123044796917643 349
0.8125838982092018 350
0.8125951295084487 351
0.8130576046008166 352
0.8137102309661558 353
0.814773895752097 354
0.8152417099640132 355
0.8154537117791141 356
0.8155015293452327 357
0.81568188448067 358
0.8160310950644519 359
0.8161312405194462 360
0.8163412221599669 361
0.816542346531087 362
0.8175984312517914 363
0.8176914513228865 364
0.8178531556538753 365
0.8178858361397905 366
0.8181001763795586 367
0.8183874408795813 368
0.8189928839241236 369
0.8192429290194869 370
0.8198931206632798 371
0.8202723930536836 372
0.8204199997954778 373
0.820587982211523 374
0.8209023363698632 375
0.8209529452943496 376
0.8215428159757507 377
0.821786644791548 378
0.8221162784235541 379
0.8222195023210321 380
0.8224437187976056 381
0.8227460394615677 382
0.8230067564543742 383
0.823036480400719 384
0.8232227149276709 385
0.8233516192340748 386
0.8236360664413365 387
0.8236643556877761 388
0.824000035950565 389
0.8244198631156772 390
0.8249522799271352 391
0.8250015593670403 392
0.8251015501479186 393
0.8256738753285491 394
0.8262981064579226 395
0.8263683417624793 396
0.8263698617195304 397
0.8264642594235421 398
0.8271308780032808 399
0.8272214753726616 400
0.8272864257255644 401
0.8274599032062641 402
0.8274694599854683 403
0.8275042904167674 404
0.8275216540452874 405
0.8278231182368401 406
0.8278525484793423 407
0.8283956469799354 408
0.8284131811055758 409
0.8285192542241108 410
0.8288487305582757 411
0.8294715154759607 412
0.8306346078678319 413
0.8321671415969881 414
0.8323169297714071 415
0.8323576822593849 416
0.8326214127913375 417
0.8326438415256256 418
0.8334550975182472 419
0.8336437142119217 420
0.8338224209478744 421
0.8338458964054037 422
0.8342364197441019 423
0.834305225078659 424
0.8346729091039984 425
0.8348156943792776 426
0.8350017947616192 427
0.8350320212995367 428
0.8353729757589815 429
0.8356686448691775 430
0.8365894427519809 431
0.8368880914740399 432
0.8369279522985463 433
0.837994818456735 434
0.8384748018289618 435
0.8386890589323732 436
0.8387751432781615 437
0.8390671876878728 438
0.8391187356629924 439
0.8393527878523368 440
0.8393889304103141 441
0.8395384652008355 442
0.8397161906280602 443
0.8403033592517354 444
0.8404505236884124 445
0.8409080051789467 446
0.8409879241085398 447
0.8411721899577501 448
0.8419188806531835 449
0.8423337017919256 450
0.8431437487885808 451
0.8433236364418452 452
0.8435413696488662 453
0.8435477437908225 454
0.8447707306626481 455
0.8448302244101148 456
0.8448927935638423 457
0.8450768760350009 458
0.8455355497551452 459
0.8458646782706631 460
0.8459233106744921 461
0.8459267765373789 462
0.8459674852430733 463
0.8461673879704518 464
0.8469816060149891 465
0.8472593251057714 466
0.8474031965637386 467
0.8474364096479469 468
0.847502635765691 469
0.8476721034576331 470
0.8477859077158206 471
0.8480212562735953 472
0.8480391420697131 473
0.8485069837396523 474
0.8486637200739966 475
0.8488101565648608 476
0.8489202320922714 477
0.8492364411799131 478
0.8494043830592133 479
0.8495830886231751 480
0.8503238629885053 481
0.8506543615373409 482
0.8507748089749958 483
0.8511124539932258 484
0.8514073173520729 485
0.8520257255309728 486
0.8520266146554702 487
0.8520569262615943 488
0.8521719746446317 489
0.8522102196227653 490
0.8522628108974685 491
0.8523265721434233 492
0.852406448740202 493
0.8525650279239602 494
0.852778638777875 495
0.8529037707607754 496
0.8529317609047707 497
0.8530043201554656 498
0.8533426845549399 499
0.8544878863790281 500
0.8546912426033958 501
0.8552098965692388 502
0.855432021376262 503
0.8561738995145178 504
0.8562405270402524 505
0.8566712837318664 506
0.8567160502244409 507
0.8567840833939827 508
0.8571668146285425 509
0.857522891778795 510
0.8575443380142282 511
0.8578526282635597 512
0.8579551617718149 513
0.8580118264410812 514
0.8582695137749563 515
0.8583769225123402 516
0.8585511127452947 517
0.8585588724038985 518
0.8587065204717158 519
0.8587385962653222 520
0.8593105157337692 521
0.8594023198287295 522
0.8603213583958219 523
0.8607502141345346 524
0.8610458809690928 525
0.8611506109040249 526
0.8614947159338764 527
0.862080980693263 528
0.8625172426836034 529
0.8626148258774261 530
0.8628359295952999 531
0.8636013010070372 532
0.8638982558628358 533
0.8640049373169653 534
0.8646935994460992 535
0.8648147213715287 536
0.8652374601975911 537
0.8653356123573613 538
0.8659080565508428 539
0.8661694643783311 540
0.8664936161752256 541
0.8665747221804098 542
0.8666520504360651 543
0.8667651377563635 544
0.8667786726999304 545
0.8670182140202001 546
0.8675689613299147 547
0.8677629549408846 548
0.8678964139085045 549
0.8679804536828405 550
0.8680478423147718 551
0.8680786450369609 552
0.8681110065482923 553
0.8681601614472433 554
0.8683880365528958 555
0.8684298977165581 556
0.8686566063678465 557
0.8689432911583956 558
0.8689975248517753 559
0.8693623682164044 560
0.8694905957609833 561
0.8696006617731259 562
0.8704251949846107 563
0.8709051641783903 564
0.871101285186297 565
0.8711213061765106 566
0.8715370246093271 567
0.8719401958870516 568
0.8722377291541753 569
0.8723054747365203 570
0.8724455934665559 571
0.8725768152615984 572
0.8729130783269257 573
0.8730273590087744 574
0.8732366547833138 575
0.8736356549371943 576
0.8741645896063035 577
0.8744816140458332 578
0.8748840767735462 579
0.8749301991022345 580
0.8750387020100333 581
0.8751048666011513 582
0.8752902051965139 583
0.8755863821189391 584
0.875887783666446 585
0.8759917563958652 586
0.8776134345553331 587
0.8778319137103416 588
0.8780877947763461 589
0.8781583787657167 590
0.8784190434732321 591
0.8787106081670972 592
0.8788500947853185 593
0.8789438211912292 594
0.8791394308582122 595
0.8796138940181947 596
0.8797849266836792 597
0.8798203338759424 598
0.8798298479737434 599
0.8799583928032623 600
0.8801249026133295 601
0.8802798273035447 602
0.8803249401190025 603
0.8803703438215835 604
0.8806944108199881 605
0.8810883489102934 606
0.881388215488761 607
0.8814066720953192 608
0.8814895869048642 609
0.8818627358232548 610
0.8818969321792088 611
0.8820311544428343 612
0.8820498982331282 613
0.8821073801949916 614
0.8821463532897041 615
0.8822716409942192 616
0.8823836042626152 617
0.8826401085707268 618
0.8829241220730515 619
0.883089729272875 620
0.8833939577688307 621
0.883728236395379 622
0.8839881679828682 623
0.8841580161995772 624
0.8846059355580405 625
0.8849003442532654 626
0.8849051255875521 627
0.8850487642291867 628
0.8852697928019051 629
0.8853890383081904 630
0.8855103930028843 631
0.8856264290276498 632
0.8857926005675166 633
0.8858677509638542 634
0.8859000194523233 635
0.8861939323475652 636
0.8862541349264272 637
0.8863790835388419 638
0.8866753907869726 639
0.8875060237163095 640
0.8876866437936995 641
0.8877020159221067 642
0.8877452647537206 643
0.8879661965835756 644
0.8881319168892533 645
0.8881325331004425 646
0.8881807910854003 647
0.8887084655043007 648
0.8887599914422538 649
0.8888574584142467 650
0.8889723203248195 651
0.8891005922652426 652
0.8891944350589187 653
0.8891996357383533 654
0.8894757443643925 655
0.8895106247704901 656
0.8895262995021872 657
0.8898325879978387 658
0.8898801039289949 659
0.8903728768767387 660
0.8907595231478568 661
0.890978109132013 662
0.89099873393476 663
0.8916343974997987 664
0.891710264601793 665
0.8924049743311934 666
0.8927328909662788 667
0.8927331882094279 668
0.8932703038891354 669
0.8933539489917097 670
0.893604912013826 671
0.8936293448921764 672
0.8938238788386593 673
0.8940134574443597 674
0.894059206934185 675
0.8944974398817869 676
0.8947095069483895 677
0.8947934904123283 678
0.8948491419458166 679
0.8951636722579017 680
0.8951957026561821 681
0.8956238338385768 682
0.8958469493051889 683
0.8959007346588799 684
0.8967896792896135 685
0.896842966933388 686
0.8969255287036152 687
0.8970792357802619 688
0.8972039303988908 689
0.8974943668986892 690
0.8975751387113038 691
0.8976865891601017 692
0.8979440543403512 693
0.8983150303732458 694
0.898787275390628 695
0.8990612597329497 696
0.8991329891290646 697
0.8991503266279699 698
0.8992202173712837 699
0.8997060368421574 700
0.8999158320416031 701
0.9000577205135943 702
0.9001681752583911 703
0.9002675662446519 704
0.9002904556161325 705
0.9004162724876191 706
0.9005837748205707 707
0.9005838667151463 708
0.9011750184301733 709
0.9015874427499162 710
0.9020263653508559 711
0.9020559925405413 712
0.9023966234424221 713
0.9027076283796396 714
0.9028083463127693 715
0.9034812904049644 716
0.9034952590574102 717
0.9035301642486164 718
0.9038454352265763 719
0.9040132540981248 720
0.9041296439807973 721
0.9043774645719258 722
0.9046890561211156 723
0.9048053482706873 724
0.9048401731219342 725
0.9048570271179418 726
0.9051317984917163 727
0.905212928041172 728
0.9052293467575274 729
0.9055453257313304 730
0.9059460098472129 731
0.9061701110292233 732
0.9062857077823127 733
0.9064887881185428 734
0.9068117533212482 735
0.9069500424629346 736
0.9069865750302271 737
0.9076215823243868 738
0.9080122906448764 739
0.9082009157155128 740
0.9084460046412315 741
0.9084686078859949 742
0.90908139226624 743
0.9091228934024753 744
0.9091853272506624 745
0.9096160728480981 746
0.9096230871194663 747
0.9097181602133767 748
0.9098435453586751 749
0.9099415470245114 750
0.9100242512430937 751
0.9101462855944206 752
0.9102450896631551 753
0.9102554597887436 754
0.9102569825121707 755
0.9106361965147319 756
0.9106444407331252 757
0.9109512801719324 758
0.9110683894145819 759
0.9113852493874384 760
0.9118598050199893 761
0.9119614814917009 762
0.9120289063051303 763
0.9121756945264797 764
0.9123941851298545 765
0.912668129955226 766
0.9128241138558294 767
0.9130498331568088 768
0.9131113882616484 769
0.9134207668191399 770
0.9137060450547395 771
0.9137591846107594 772
0.9138269503172234 773
0.9138946211354779 774
0.9143092314267082 775
0.9149565254801202 776
0.9151410873703467 777
0.9153477011017546 778
0.9156128507535405 779
0.9161052900861072 780
0.9162175963426441 781
0.9168599876554258 782
0.9169259896549307 783
0.9169813927292434 784
0.9170871768338141 785
0.9174397124651126 786
0.9174804846811314 787
0.9179641336849651 788
0.9182549364017312 789
0.9183102283693004 790
0.9185348994109699 791
0.9190062731959342 792
0.9190235421684428 793
0.9191308492401123 794
0.9191740743218287 795
0.9193423056580153 796
0.9193944059068959 797
0.919491341616618 798
0.919858534178689 799
0.9199268014584345 800
0.9200252803649834 801
0.9200627364628431 802
0.9201734933635006 803
0.9204371595307806 804
0.920582744616328 805
0.9210737353395747 806
0.9210901292749776 807
0.9211705066808153 808
0.9213502151159263 809
0.9214341351773686 810
0.9215170174815791 811
0.9217603967747492 812
0.9220098240123553 813
0.9220217047796099 814
0.9221696412987311 815
0.9222809189653373 816
0.9223918503654122 817
0.9225524420166044 818
0.922638894733652 819
0.922797012137931 820
0.9229670306102598 821
0.9230060683787119 822
0.9232724951506577 823
0.9232934169859858 824
0.9234344664267491 825
0.9235161089705327 826
0.9237499224554605 827
0.9241547379823097 828
0.9246593413444926 829
0.9251533114371473 830
0.9251995058023055 831
0.9254061256397161 832
0.9254320042223161 833
0.9254453037776862 834
0.9255179878821794 835
0.9256781190797901 836
0.925865250759434 837
0.9266885849667361 838
0.9267655554005956 839
0.9270290660665177 840
0.928379209812458 841
0.9285197043414526 842
0.9289780687532528 843
0.9290795253457403 844
0.9294156529857123 845
0.9303904790349458 846
0.930683118913697 847
0.930783740854418 848
0.9310715688196287 849
0.9312060016511833 850
0.931348945612766 851
0.9315026228801048 852
0.9315071130527313 853
0.9320047577651245 854
0.932141765280906 855
0.9322258612450188 856
0.9325040800993886 857
0.9328318067280242 858
0.9329857080006124 859
0.9331302501730567 860
0.933174754419724 861
0.9334290534822158 862
0.9336159308161235 863
0.93410395099208 864
0.9345017654049224 865
0.9345119637860061 866
0.9345487823282117 867
0.9350541661962241 868
0.9350724678487511 869
0.9353468207780377 870
0.9354674950081925 871
0.9358357477164156 872
0.9359197774193417 873
0.9364604495895124 874
0.936588811282099 875
0.9366977091934063 876
0.9370444392335825 877
0.9372871725997163 878
0.9379351947630215 879
0.9381065735196563 880
0.9381445057835794 881
0.9382054056557386 882
0.9383238883618364 883
0.9383557604196957 884
0.9384416726551609 885
0.9388079428517956 886
0.9388261171726001 887
0.9389211018399425 888
0.9389617506857135 889
0.9392031606113398 890
0.9396980591010315 891
0.9407626253646472 892
0.9409539053376779 893
0.9410888502634954 894
0.9411291741860155 895
0.9413252176776957 896
0.9416184235520518 897
0.9416652325843538 898
0.9417153150906163 899
0.9418047852888466 900
0.9420837928667773 901
0.9421585721793585 902
0.9421890718872254 903
0.942277158663047 904
0.9425798520743214 905
0.9428941568672106 906
0.9429387087015136 907
0.9431529251343977 908
0.9431587811772416 909
0.9431912802260953 910
0.9439477954312977 911
0.9440828083400963 912
0.9444117186619476 913
0.9446453932501355 914
0.9451713380104138 915
0.9453796428068718 916
0.945399187214534 917
0.9457620031777142 918
0.9462445973024206 919
0.9467072569907827 920
0.947002822915638 921
0.9472882652958838 922
0.9475628200107998 923
0.9476248646845166 924
0.9478626809147813 925
0.9478712701616739 926
0.9480116231161421 927
0.9480792804023073 928
0.9485279754518099 929
0.9487230416154196 930
0.9488267718488412 931
0.9491082789585923 932
0.9491726966024383 933
0.9492393802447817 934
0.9495444116278896 935
0.9497307045973798 936
0.9499918634150755 937
0.9507156836051098 938
0.9507639016950574 939
0.9507906026367378 940
0.9508432318128797 941
0.9509816232794928 942
0.9510453398347359 943
0.9514464105418079 944
0.9516124255299231 945
0.9517616887177615 946
0.9521295145420352 947
0.9526060368422306 948
0.9527490599735683 949
0.9528081621809216 950
0.9528694726698316 951
0.9532478583979868 952
0.9536338117107277 953
0.953691421124641 954
0.9541637477914084 955
0.9541673755809218 956
0.9542080274111399 957
0.9551416430088407 958
0.9554009696058382 959
0.9557649571461087 960
0.9561906095394399 961
0.9565499496384429 962
0.9568694845261754 963
0.9570223588600547 964
0.9575104626566743 965
0.9575771404942138 966
0.9577504789392154 967
0.9578436626012494 968
0.958371807409174 969
0.9584986611196689 970
0.9591641484718177 971
0.9593390734401769 972
0.9600973567934689 973
0.960447291242522 974
0.9609473538057426 975
0.9609682663339036 976
0.9610919952725019 977
0.9611262925118301 978
0.96147486403724 979
0.9615034118161134 980
0.9618977710550172 981
0.9621027903325942 982
0.9622220853481862 983
0.9624077748810737 984
0.96284076670043 985
0.9633221878797869 986
0.9642272687032417 987
0.9644994925686157 988
0.9645156166664445 989
0.9645313562064247 990
0.9650845605638486 991
0.9652231812361639 992
0.9653001036211548 993
0.9654410938239754 994
0.9655066498970553 995
0.9660663693864764 996
0.9663328671947211 997
0.9665469788912783 998
0.9668563710064144 999
0.9669313202526644 1000
0.9669635720021289 1001
0.9671240783156465 1002
0.9671404484363156 1003
0.9672532234418186 1004
0.9678098480131947 1005
0.9683457764004016 1006
0.9686955368867467 1007
0.9688395575073808 1008
0.9689059110525989 1009
0.9689928628914766 1010
0.9692241266348898 1011
0.9692251878694484 1012
0.9693808046451222 1013
0.9694031679669564 1014
0.969430233208664 1015
0.969588114673255 1016
0.9697019425613622 1017
0.9698762330630567 1018
0.9700859868153462 1019
0.970173602846673 1020
0.9704949185551035 1021
0.9705793274351885 1022
0.9706323874701478 1023
0.9710499996699381 1024
0.9715611903465899 1025
0.9717082366021789 1026
0.97244552269217 1027
0.9725759854539582 1028
0.9728024072446657 1029
0.972938256126718 1030
0.9729397341629906 1031
0.9732154034318589 1032
0.9734281764599634 1033
0.9735758816426354 1034
0.9738471812773114 1035
0.9743259491325843 1036
0.9743588496318738 1037
0.9744007111990166 1038
0.9744102469322908 1039
0.9748526603902271 1040
0.9748998331270704 1041
0.9752466181502678 1042
0.9756450660711935 1043
0.9759002378309862 1044
0.9768378015376212 1045
0.9770950628618437 1046
0.9772526027025282 1047
0.977378322225251 1048
0.977507537112808 1049
0.9778858847885962 1050
0.9782510670019413 1051
0.978726634043824 1052
0.9788550293413139 1053
0.9789292098243937 1054
0.9793148257975104 1055
0.9794828450662366 1056
0.9796852852981127 1057
0.9797334644460528 1058
0.9801133667550304 1059
0.9803795414117921 1060
0.9812839302320117 1061
0.9814582108727761 1062
0.9818077211621432 1063
0.9820704437339046 1064
0.9823064619007196 1065
0.9824159575139724 1066
0.9824290395548699 1067
0.9825785350865387 1068
0.9826717178344627 1069
0.9827034949770147 1070
0.982933937971799 1071
0.9830394667897394 1072
0.9831666287757228 1073
0.9833361222678425 1074
0.9833894477070889 1075
0.9835511065533898 1076
0.9836993096881413 1077
0.9837944004007672 1078
0.9848050409416683 1079
0.9850284294388199 1080
0.9851628830622771 1081
0.9852384258664633 1082
0.9852813588827546 1083
0.9853037634879395 1084
0.9854988080492914 1085
0.9859473862249619 1086
0.9860072767637125 1087
0.9860081194854667 1088
0.9861509579527444 1089
0.9861836887390234 1090
0.9863282511186036 1091
0.986494606029933 1092
0.9870094884415617 1093
0.9880812664045208 1094
0.9886460665787006 1095
0.9886940079446574 1096
0.9889579672915588 1097
0.9891251992173081 1098
0.989201764908743 1099
0.9897057412617204 1100
0.9897521428322086 1101
0.9902427164583927 1102
0.9903672467216942 1103
0.9903810119502368 1104
0.9904243249532892 1105
0.9905121396918227 1106
0.9905659839281129 1107
0.9909357641190432 1108
0.9911301305270862 1109
0.991303518031248 1110
0.9915589434648825 1111
0.9917876823401605 1112
0.9922396129778291 1113
0.9926331632082319 1114
0.9926723018352746 1115
0.9928628296371316 1116
0.9930024478139523 1117
0.993391673362359 1118
0.9934101413986559 1119
0.9936162088912706 1120
0.9942277092063267 1121
0.9944804545505315 1122
0.9948906696030345 1123
0.9950136726958856 1124
0.995264148197033 1125
0.9957043368717815 1126
0.9962116357855246 1127
0.9966305093734008 1128
0.9968320814622837 1129
0.9972105924999152 1130
0.997259589844102 1131
0.9973430925511683 1132
0.9975653801435017 1133
0.9976336221661529 1134
0.9980648466102761 1135
0.9982066661063684 1136
0.9983420734894728 1137
0.9990084450276228 1138
0.9992345514083495 1139
0.9992571339173529 1140
0.9995481088035478 1141
0.9996710636293047 1142
0.999831229441253 1143
0.9999630404771609 1144
1.0002981216058544 1145
1.0007096862345677 1146
1.0009822937471158 1147
1.0011475618136914 1148
1.001158533493341 1149
1.0012385418815453 1150
1.0013357916286056 1151
1.0019034627912364 1152
1.0020975271957844 1153
1.002160644569343 1154
1.002527893445714 1155
1.0025504731988715 1156
1.0026030650145763 1157
1.0028212491005264 1158
1.002878102437435 1159
1.003147346827491 1160
1.0034418513481114 1161
1.0034864729703616 1162
1.0036587170415388 1163
1.0039603455493091 1164
1.0040087707730903 1165
1.0048215802989309 1166
1.0050793384661212 1167
1.0052453756258604 1168
1.005875393817965 1169
1.0060316812103776 1170
1.0064389798961209 1171
1.0064723838070673 1172
1.0078083628849335 1173
1.00783576120224 1174
1.008123479450579 1175
1.0082085659706193 1176
1.0085230573279724 1177
1.0085726220524338 1178
1.0086192901099313 1179
1.0088750153314454 1180
1.0102274100656252 1181
1.0102832446151242 1182
1.0105483384725373 1183
1.0105804660104676 1184
1.0109543774192713 1185
1.0119878324290357 1186
1.0121992729321725 1187
1.0123319447056787 1188
1.0130476767526286 1189
1.0131810295633876 1190
1.0134922241136295 1191
1.0145631041728786 1192
1.0145794941276978 1193
1.0145960627468613 1194
1.0149684438461082 1195
1.015099328478192 1196
1.0151032718142825 1197
1.0152555388500901 1198
1.0152620010903437 1199
1.0153405812872514 1200
1.0155449435688995 1201
1.01581614926164 1202
1.0164290291229512 1203
1.017117414594889 1204
1.0172505895919526 1205
1.0175329334682406 1206
1.0175679812986036 1207
1.0176770122959682 1208
1.018047984921547 1209
1.0185398667487273 1210
1.0190049505414176 1211
1.0190939023543193 1212
1.0190974111711886 1213
1.019208407898133 1214
1.0192088975448559 1215
1.0198896186909752 1216
1.0203301374909393 1217
1.0204491535573774 1218
1.0206845701163658 1219
1.0210171936247676 1220
1.0214847091090973 1221
1.0217779935080171 1222
1.0218408453322203 1223
1.021954819170745 1224
1.022499515029825 1225
1.0228865567192003 1226
1.0229133115228244 1227
1.0230752423595253 1228
1.023324060077298 1229
1.0234258763418154 1230
1.02355761662171 1231
1.0236230271676898 1232
1.0237653454204618 1233
1.024267293778664 1234
1.0243549985059344 1235
1.0244984555756484 1236
1.0246024314182325 1237
1.0247846736803252 1238
1.0248564642312612 1239
1.0252207693262978 1240
1.02591721016448 1241
1.0260953557889527 1242
1.0268482102278222 1243
1.026907545552282 1244
1.0279416068657523 1245
1.0279508465203029 1246
1.028533089782401 1247
1.028906523493939 1248
1.0291042702478814 1249
1.0292638670810703 1250
1.0293595012080776 1251
1.0306925437691388 1252
1.0315547495554875 1253
1.0316248879280983 1254
1.031861386333354 1255
1.0319974199366508 1256
1.032932207445016 1257
1.03344299276975 1258
1.0334448194621908 1259
1.0345810258157513 1260
1.034585569889571 1261
1.0349012490597322 1262
1.035577843007219 1263
1.0359153741150178 1264
1.0361412180294203 1265
1.0361682320963381 1266
1.0366081616638536 1267
1.0368964674241414 1268
1.03733371785042 1269
1.0374164733496565 1270
1.0381712835519032 1271
1.03858276084032 1272
1.039664806313828 1273
1.0399446882208845 1274
1.040284838095136 1275
1.040305113800417 1276
1.0403909169237866 1277
1.04098755597374 1278
1.0409907265755645 1279
1.041061145300279 1280
1.0413508566293512 1281
1.0415378232051022 1282
1.0417839407402258 1283
1.0422923972241926 1284
1.0425157027929 1285
1.042699729944045 1286
1.0428065305718535 1287
1.043585132919245 1288
1.043902342219208 1289
1.0443778150893352 1290
1.0447227298198078 1291
1.0448219418978153 1292
1.0450200089367137 1293
1.0452532983526266 1294
1.0453726916263566 1295
1.0455240275675466 1296
1.0462692266599822 1297
1.0467086532263483 1298
1.0470432794616675 1299
1.0470743191458165 1300
1.0476909911515475 1301
1.047990200674192 1302
1.0488157729710021 1303
1.0494205137319574 1304
1.0497781420669319 1305
1.0504859520142722 1306
1.0506551909973327 1307
1.0509401002561571 1308
1.0510597926362126 1309
1.051538685959711 1310
1.0516005465487224 1311
1.0520118166650145 1312
1.0524569577265623 1313
1.0526784508573221 1314
1.052803084648809 1315
1.0530516504308587 1316
1.0538018386509922 1317
1.0541187948882638 1318
1.0543276980883396 1319
1.0565995789660698 1320
1.057327542584907 1321
1.0576888802827253 1322
1.057789368048358 1323
1.0578856360160265 1324
1.0579045238121731 1325
1.0579789617602902 1326
1.0580930017532202 1327
1.0582095467240267 1328
1.0584688654534735 1329
1.0586429655124072 1330
1.0587673313971462 1331
1.0595655161974826 1332
1.0602117792974837 1333
1.0603743868439404 1334
1.061055860962843 1335
1.061490367080107 1336
1.0617874692404723 1337
1.0618703275262917 1338
1.0624903969537884 1339
1.0640600022724338 1340
1.0642497143566643 1341
1.0642532176258657 1342
1.064325028889267 1343
1.066030650772864 1344
1.0660815271942359 1345
1.066190701225361 1346
1.0663656935776518 1347
1.0664619400464428 1348
1.0667529091214092 1349
1.0674821611156522 1350
1.0680253294932995 1351
1.0681161479561987 1352
1.0681415850947813 1353
1.0684233164173487 1354
1.0688733366556253 1355
1.0693000933425747 1356
1.0695888429227092 1357
1.0706078528456544 1358
1.0706386614727879 1359
1.0709026094010174 1360
1.072077305441744 1361
1.0722262885497205 1362
1.0727457707555559 1363
1.073835606112975 1364
1.074005507335899 1365
1.0752499300575944 1366
1.0753646341718326 1367
1.0766914209650233 1368
1.0770370401114435 1369
1.0773305910273776 1370
1.0776869105820963 1371
1.078053800031123 1372
1.0784264797301102 1373
1.078847316157128 1374
1.078974259715795 1375
1.0794693580145134 1376
1.0796426207517522 1377
1.0809678073589875 1378
1.0811921801979447 1379
1.0813341808094534 1380
1.0821012993123116 1381
1.083305245473473 1382
1.0835405989225066 1383
1.0849403425122623 1384
1.0851493613077918 1385
1.0875018600692172 1386
1.0877817042714755 1387
1.088282660863928 1388
1.089012670374651 1389
1.0891784752976748 1390
1.0892423502610793 1391
1.089242615873958 1392
1.089483750606675 1393
1.089638921596681 1394
1.0896654214583057 1395
1.0907501197447087 1396
1.091883066600031 1397
1.092432783059766 1398
1.0925920659242825 1399
1.0930583017081092 1400
1.093097362349859 1401
1.0931556639826774 1402
1.0934764418252998 1403
1.09374658793754 1404
1.0953205374756936 1405
1.0959027843917848 1406
1.0961903361134384 1407
1.0964022806997316 1408
1.096927728223263 1409
1.0978930136809473 1410
1.0987049501970134 1411
1.0991056827675192 1412
1.1003291267228923 1413
1.100509681184136 1414
1.1009711258475419 1415
1.1023519247404645 1416
1.103098167145531 1417
1.103670299908026 1418
1.1038502230964502 1419
1.1049194055394362 1420
1.1066038770936983 1421
1.1077242912725045 1422
1.1077966050397348 1423
1.1082640135877142 1424
1.1090884148234585 1425
1.109847810027672 1426
1.1103878548476356 1427
1.1108614497495057 1428
1.1117231347905165 1429
1.1128238768527317 1430
1.1135185153551428 1431
1.1139458850746444 1432
1.1141691357896886 1433
1.1151522859719745 1434
1.1153736724580823 1435
1.1161942071635764 1436
1.1169765276448183 1437
1.1179167341664267 1438
1.1181377719808825 1439
1.1197187026673816 1440
1.1202810302028274 1441
1.1213864664593711 1442
1.1216883038822871 1443
1.1229541008247348 1444
1.123408855417927 1445
1.123440173821858 1446
1.1239456696554275 1447
1.125175491298856 1448
1.126709033807368 1449
1.1268129873245294 1450
1.1268932848437954 1451
1.1272424583705103 1452
1.129567755179554 1453
1.1310961143961853 1454
1.1315147706098092 1455
1.1329176659785496 1456
1.1332333937088226 1457
1.133620815607244 1458
1.1338252877908677 1459
1.1342294643504578 1460
1.134643674782866 1461
1.137700518109417 1462
1.1380402948257784 1463
1.1390707183477118 1464
1.139469015976096 1465
1.1394786709129252 1466
1.1420317066218915 1467
1.143000524543122 1468
1.1433930309402016 1469
1.1469586516608157 1470
1.147820154605459 1471
1.147924741781243 1472
1.1482185658256414 1473
1.1486098749160447 1474
1.1500478064770894 1475
1.1526139744064958 1476
1.1571600180763753 1477
1.1603470195998546 1478
1.1653411940516634 1479
1.168869524875877 1480
1.1692128781366435 1481
1.1709336074656893 1482
1.1718150211580736 1483
1.1720800968174212 1484
1.1841596122084284 1485
1.1852527970156923 1486
1.200031048769118 1487
1.2140196919513626 1488
1.2162681839423017 1489
1.228382774258745 1490
1.234260700569411 1491
1.2390450125363819 1492
1.2426576659919124 1493
1.2497615484616469 1494
1.2534620976597846 1495
1.261378949099864 1496
1.2698928960023117 1497
1.284358376562982 1498
1.2849184751774398 1499
1.2979805740177957 1500
