3.1371644507656833 1
3.13975666731486 2
3.1458582390745997 3
3.1671061885959872 4
3.1712026693145132 5
3.203585277126964 6
3.2121398584520677 7
3.213844173102856 8
3.214095304284983 9
3.2182318093997853 10
3.2205533478147728 11
3.2256695397702617 12
3.225865319760046 13
3.2262956339555915 14
3.2267357301864066 15
3.2333342266597196 16
3.236807110685551 17
3.2378355294979184 18
3.242134878129177 19
3.2422207817179047 20
3.2496068152128905 21
3.25092488130057 22
3.251960120139023 23
3.25251974001065 24
3.252659101340541 25
3.25718997451969 26
3.2600090327371283 27
3.261976917358568 28
3.2628296435949986 29
3.263517445056598 30
3.266466523716738 31
3.266973102770337 32
3.2685814079665376 33
3.270214960562634 34
3.271472254067437 35
3.2761298587069705 36
3.281569942266944 37
3.2830308916065887 38
3.28653436147719 39
3.2872105326828573 40
3.2875035336768947 41
3.292916751971193 42
3.2947369578539525 43
3.2949730619689195 44
3.2955568504119297 45
3.2962105167074784 46
3.297229708745652 47
3.2988886171181253 48
3.2992001121057535 49
3.2992407525904386 50
3.2996310315294646 51
3.300797530491233 52
3.3010247693626855 53
3.30190291000234 54
3.303498199327555 55
3.303779885765657 56
3.303939365421621 57
3.304473557441773 58
3.3047385228630177 59
3.3050881034896924 60
3.3055000081262205 61
3.3060614362605403 62
3.306683064659837 63
3.3073250137557193 64
3.308040476965609 65
3.308567548217236 66
3.309836846581633 67
3.311160337422675 68
3.3112244847939496 69
3.3121262435288057 70
3.312332866047151 71
3.312930474097275 72
3.3149559753208004 73
3.3163551557858906 74
3.317276502370718 75
3.3177132485630128 76
3.3177658763527704 77
3.3179964369294197 78
3.3186033013137455 79
3.3186990574174877 80
3.3190423055257727 81
3.319118697196663 82
3.3219490727799115 83
3.322192465843201 84
3.3227058536496212 85
3.3248678566531047 86
3.325005270585954 87
3.326395744261283 88
3.326607684072839 89
3.326724665851608 90
3.3270921211436635 91
3.3276234877384696 92
3.32850210363763 93
3.330050288995693 94
3.3300780139781705 95
3.330366250572228 96
3.3312437510508075 97
3.331946169594257 98
3.3323463889371263 99
3.3325810470283876 100
3.3340015185897705 101
3.3357911722250644 102
3.3361471977205515 103
3.3363631584888376 104
3.33638739398273 105
3.3368158939031014 106
3.33685851404407 107
3.3390113316995373 108
3.3414351058083085 109
3.342450570305213 110
3.342881808039933 111
3.344566928595807 112
3.344764477118352 113
3.345056444878496 114
3.3453009719028253 115
3.3453313553272155 116
3.346482897200289 117
3.3468279769061566 118
3.3495713805659264 119
3.3501867031650114 120
3.3508029569455413 121
3.351001220738925 122
3.352202886373801 123
3.352365249219095 124
3.352639638425668 125
3.3537071914835863 126
3.3542670108390427 127
3.3550291657957176 128
3.355055608953137 129
3.355749046311018 130
3.358188721659552 131
3.3604366203862694 132
3.360489696192953 133
3.3605435234315824 134
3.3612410905464865 135
3.3615257119613315 136
3.3620367305175316 137
3.3625673854563347 138
3.3632939479012305 139
3.364838842867793 140
3.3648721029105677 141
3.3651113247556563 142
3.365704402247245 143
3.3663627805540766 144
3.366911522207486 145
3.3680852325530943 146
3.368195628489769 147
3.368249618843047 148
3.3688091622460705 149
3.369412177312088 150
3.369441583348132 151
3.370531489786234 152
3.3713952292951266 153
3.372381145116093 154
3.3725477420685035 155
3.372986255956183 156
3.3730158501847924 157
3.3731917054327174 158
3.3733741824413417 159
3.373865952024025 160
3.373903176316099 161
3.3751593423694692 162
3.3771538918853823 163
3.377481393858024 164
3.377926359395512 165
3.378372670465117 166
3.378423196673051 167
3.3790724694639485 168
3.379601016722215 169
3.3796670493228547 170
3.3801103275176296 171
3.3803138452713144 172
3.380731785625486 173
3.381238313667512 174
3.382092194262432 175
3.3830177099605026 176
3.383022129294363 177
3.383169983518358 178
3.383274536578263 179
3.3834242727962316 180
3.383843438377769 181
3.384864511206594 182
3.3850645058836233 183
3.3852309507313203 184
3.386664928831891 185
3.386993485228538 186
3.3870211867098945 187
3.3876561506349847 188
3.3882804792893255 189
3.3885255026335543 190
3.3886787387020205 191
3.3890176769559486 192
3.3891853628427704 193
3.389361867945426 194
3.389947790673569 195
3.3900545663108668 196
3.3903599569823957 197
3.390989131033502 198
3.39101030158191 199
3.3910526743385025 200
3.391285093210747 201
3.391859740737144 202
3.391886941622477 203
3.3919024573114243 204
3.3922755525203274 205
3.3924919300280454 206
3.392725452954799 207
3.3932148721524067 208
3.3934725089254094 209
3.3937156995115267 210
3.3937438903063923 211
3.3941811666246995 212
3.3945040695588657 213
3.3946517085567365 214
3.3950235441896233 215
3.3954139309285982 216
3.39602105402369 217
3.396114502819859 218
3.3965512390685917 219
3.396933494999211 220
3.3970281062932433 221
3.3977944274811978 222
3.398246137759241 223
3.3983253587333504 224
3.3986490003694527 225
3.399064591572134 226
3.399203134589853 227
3.3993118834440184 228
3.399506968098842 229
3.4003753127090586 230
3.400806300819765 231
3.4012728812465736 232
3.4014022370514883 233
3.401831641520943 234
3.4023143791561257 235
3.4029545921407682 236
3.4029751005247197 237
3.4044974452849615 238
3.404875523181181 239
3.4051145242960943 240
3.4055383308843434 241
3.4061748960376255 242
3.4062988653581283 243
3.4063380384669792 244
3.406616834855558 245
3.4068958224921637 246
3.407390809697575 247
3.4077254606095915 248
3.4082726567874584 249
3.4088641113259244 250
3.409203315043646 251
3.409444535447378 252
3.4094993249020558 253
3.4097448511502515 254
3.410268191720956 255
3.4110175289834066 256
3.411153174840681 257
3.412158031267705 258
3.412272741115828 259
3.4124075923745623 260
3.4125344845924523 261
3.4126699422956714 262
3.4128141072498672 263
3.413549294770195 264
3.4136937107827436 265
3.4137562458173107 266
3.4137789611124747 267
3.413984357279476 268
3.414330326487882 269
3.4149597432292342 270
3.4150977110609064 271
3.415401442529093 272
3.4154984341131835 273
3.415947942581529 274
3.4163443136186977 275
3.416780201904752 276
3.4178176689416193 277
3.417930860455005 278
3.4184572231830694 279
3.4184574114369495 280
3.41867668571277 281
3.418678020963131 282
3.418837033895807 283
3.4189029740943897 284
3.4189869627946745 285
3.4191959237105745 286
3.420147588613183 287
3.4202692769689804 288
3.4206630942438228 289
3.4208558318190017 290
3.421076437142412 291
3.4215664642770247 292
3.4216108055743586 293
3.421778504497162 294
3.4219730257821395 295
3.422315529894599 296
3.4223898315453956 297
3.422632697679898 298
3.422855961895268 299
3.422934478742704 300
3.4231259388423982 301
3.4234031964345686 302
3.423450162577556 303
3.423616125131576 304
3.423644818536581 305
3.4237715985331203 306
3.4238031503392037 307
3.424280708453042 308
3.424769024914829 309
3.424795098349637 310
3.4248525164648354 311
3.425552148413323 312
3.425636621652935 313
3.425720457693595 314
3.426726450606473 315
3.4289692245156456 316
3.4290454756992355 317
3.4296587568364005 318
3.430170898182553 319
3.4305338182912974 320
3.431847052789195 321
3.43197361675285 322
3.4321790422915055 323
3.432537284819873 324
3.433471818398879 325
3.434314869135683 326
3.434404799197396 327
3.434603223267227 328
3.4350567857396874 329
3.4354073382703953 330
3.435484916181595 331
3.4365720365928167 332
3.4368168403061836 333
3.4391475463046115 334
3.4395555684067345 335
3.4405931698009677 336
3.440713665202308 337
3.4410722929518256 338
3.4411076697702607 339
3.4415505269376174 340
3.4419138935041644 341
3.442014544431756 342
3.4424348968926477 343
3.4437677906521142 344
3.4438703487604916 345
3.4441532957929692 346
3.4448144920901953 347
3.44602820355397 348
3.446599949909853 349
3.446797332258669 350
3.446928715966897 351
3.446977893023461 352
3.4470219309726255 353
3.4475049640951334 354
3.4476546631636587 355
3.447983894078545 356
3.4483232797450722 357
3.4484295449587545 358
3.4491482854621327 359
3.4497000878547404 360
3.449743057052661 361
3.449782765731452 362
3.44989498681979 363
3.4500012812254464 364
3.4501616618227735 365
3.4505250693563503 366
3.4505866967307965 367
3.45080490393224 368
3.4508443097915866 369
3.450879207704229 370
3.4510090201801313 371
3.4523742649411955 372
3.4524189211804845 373
3.4524502280944875 374
3.4530455078818827 375
3.453587521273412 376
3.45372809340473 377
3.4537350443234067 378
3.454130147608932 379
3.454442617877501 380
3.4549746293779737 381
3.4550786197330594 382
3.455202020373721 383
3.4555755827317887 384
3.4556210174250275 385
3.4556857511816337 386
3.4559530587652882 387
3.456351293294433 388
3.4563657447305833 389
3.456750912755663 390
3.4568034357859703 391
3.456822219982748 392
3.456928034685979 393
3.4571888003564473 394
3.4573787223333414 395
3.457402648799442 396
3.4575618992197192 397
3.4576284567944287 398
3.4579913558170685 399
3.458674750333528 400
3.4587068679532527 401
3.4597153175835205 402
3.4598282949091543 403
3.4603463300373822 404
3.4604637433870185 405
3.4605663119115735 406
3.4605871613236503 407
3.4607016066125653 408
3.461116449270288 409
3.461845739271846 410
3.4620379615105885 411
3.4622793422873235 412
3.4623191422754385 413
3.462371397443907 414
3.462428374131749 415
3.462870975819445 416
3.4630465250890845 417
3.4634317668554053 418
3.463514188578754 419
3.4635249311162704 420
3.463624208602734 421
3.4637789385065534 422
3.4638273181681063 423
3.4646150595479375 424
3.46466594724999 425
3.4648407253565403 426
3.4648667602285825 427
3.4651074550518413 428
3.4654345475169426 429
3.465636286602379 430
3.465733652779903 431
3.4657526002694663 432
3.4660040559743592 433
3.466369747157341 434
3.4674151099835147 435
3.467545753096811 436
3.467552766013979 437
3.467555445988012 438
3.468318230478957 439
3.4688208860437295 440
3.4689064753846792 441
3.469082075570538 442
3.469090852672003 443
3.4702289045659858 444
3.470248757407734 445
3.470616628792375 446
3.470712367568803 447
3.4710474554984856 448
3.471348577782304 449
3.47202222806032 450
3.472104276735237 451
3.4721439891533565 452
3.4722542974563626 453
3.4726419163074675 454
3.4728776537514436 455
3.473071494938747 456
3.4734896085242477 457
3.4737678402339913 458
3.473929589744455 459
3.4741227243588573 460
3.4744396990144297 461
3.474442916517342 462
3.474502227402794 463
3.4745071120023026 464
3.474590576828406 465
3.474866175780027 466
3.4754117871113746 467
3.4755493244248132 468
3.475971306219486 469
3.476446203649898 470
3.4766401303272074 471
3.4769844563845744 472
3.476985176971504 473
3.4771402127162667 474
3.477272880125633 475
3.4773455271299434 476
3.477601509112808 477
3.478012469891065 478
3.478664416635214 479
3.4788942142351638 480
3.479057901468677 481
3.479058271915322 482
3.479261924803661 483
3.4805282629095253 484
3.480833591869566 485
3.4812316001749943 486
3.4812981881955722 487
3.481566326806033 488
3.4815927306561196 489
3.481598661205452 490
3.4819141284718524 491
3.4819632443719994 492
3.482198703469737 493
3.4822902880460376 494
3.482806323517371 495
3.4832418562656784 496
3.4834579079975088 497
3.4834646328638934 498
3.4836956517310327 499
3.4837953133178132 500
3.4838378329717905 501
3.4840171082619364 502
3.4840430148666477 503
3.4840973529615016 504
3.4843671148295923 505
3.48445830341673 506
3.4847450069134456 507
3.484943068262613 508
3.485207077116263 509
3.4854524923350274 510
3.4855466462987517 511
3.485564774821761 512
3.485567193647119 513
3.4860258711293435 514
3.4861467401423227 515
3.486216622014532 516
3.4872342148156363 517
3.487279112999732 518
3.487687678891743 519
3.4882173828862055 520
3.4888584421642954 521
3.4892704468474665 522
3.4894484888806327 523
3.489472017747819 524
3.4895003720128632 525
3.489747263911799 526
3.4898941870016054 527
3.4899111342300437 528
3.4901267964827474 529
3.49062286729603 530
3.4906477507776787 531
3.4911008331316276 532
3.49113413322559 533
3.4912582962354626 534
3.4916569775281094 535
3.4917203565574555 536
3.4919659136858994 537
3.491996509430761 538
3.4921477836787944 539
3.4922838345428646 540
3.492751853841946 541
3.492958177202115 542
3.4930100898760474 543
3.4931900986046123 544
3.4932321378566873 545
3.493610296596527 546
3.4939353315582444 547
3.494062039268649 548
3.494145111857706 549
3.4943848570614575 550
3.4947857382587113 551
3.4950875347388806 552
3.4956240444202056 553
3.495668656226227 554
3.495811095227128 555
3.496203063998655 556
3.4962781010700854 557
3.4970785048409545 558
3.497539069690845 559
3.4977746540508026 560
3.4978206855384104 561
3.4980548274221217 562
3.4985460162593016 563
3.498760521560986 564
3.4993769020716696 565
3.499533797529091 566
3.499575388425654 567
3.4995990953701264 568
3.499989952203218 569
3.500175925423455 570
3.5002355103785563 571
3.500408652950673 572
3.500430615900915 573
3.501042874645605 574
3.5025688033418585 575
3.503062028387801 576
3.5030671658876593 577
3.5034478007744236 578
3.503940371738389 579
3.5039730853702666 580
3.5041398003935527 581
3.50428528790604 582
3.504536684459248 583
3.504729804678478 584
3.5051122106083166 585
3.505415663479074 586
3.5055394607314376 587
3.5056644645576363 588
3.5057380436550676 589
3.506244734991699 590
3.506339059745701 591
3.506389154810632 592
3.506419560204919 593
3.5068500923888823 594
3.506866718206292 595
3.5069671313024173 596
3.506985269924636 597
3.5072435958940007 598
3.507291514842178 599
3.5075068591880196 600
3.5075839490659573 601
3.5075997023243723 602
3.5076726606570863 603
3.5078609783222805 604
3.508244199374591 605
3.5086685237425286 606
3.508924555038803 607
3.5089332721390742 608
3.5091527096291393 609
3.50933792260089 610
3.50935760887301 611
3.509359933113257 612
3.5097466814641898 613
3.509759793760119 614
3.5104911972660875 615
3.5106125393085477 616
3.510793621858364 617
3.510891790502983 618
3.5111184073710056 619
3.511294258989315 620
3.511442362451882 621
3.511528086027571 622
3.511624779420855 623
3.511865719739724 624
3.5119428684987954 625
3.5120777875356244 626
3.5120938650986995 627
3.5126944517891094 628
3.512724079970452 629
3.5129528441905675 630
3.513040495013325 631
3.5130645210597886 632
3.513084559608311 633
3.5131695092406994 634
3.514240884864868 635
3.5143585044753816 636
3.5146591134595426 637
3.515379144898092 638
3.5154398965424845 639
3.5157722792677206 640
3.5159599331346416 641
3.5169859046464658 642
3.5170497680662693 643
3.517099777854445 644
3.5176218510352646 645
3.5181334003310756 646
3.518522582110029 647
3.518891443777073 648
3.519148742697372 649
3.51963114592754 650
3.5196563875582867 651
3.519662646284471 652
3.5201565105140467 653
3.520223894661926 654
3.5206761681018492 655
3.521622909122206 656
3.5220850427006236 657
3.5224359408741326 658
3.523390137747395 659
3.523441235017061 660
3.5235832624439265 661
3.52360891092237 662
3.523867022238389 663
3.5238854158674773 664
3.5240280768546017 665
3.5241785478879404 666
3.5242127236622585 667
3.5246705216631513 668
3.524672248332226 669
3.524766105494259 670
3.5248646719834444 671
3.524941683572535 672
3.525049711361515 673
3.525203025120102 674
3.5253192730624243 675
3.525411274484002 676
3.5254902298995843 677
3.525853264916467 678
3.5259165718982266 679
3.5260077875437195 680
3.526051793367562 681
3.526391339572089 682
3.526668970274519 683
3.5269175776869885 684
3.5269191269854483 685
3.526971335015633 686
3.5271475411800712 687
3.5271529954454905 688
3.5274193403207033 689
3.5274642102845037 690
3.527936007221122 691
3.5286597447007937 692
3.5287744762633357 693
3.5287959270902136 694
3.5291401414268093 695
3.529172734735769 696
3.529423485091672 697
3.5294439836488127 698
3.529499685718103 699
3.5298382242921065 700
3.530004489244763 701
3.5305177299796098 702
3.5305344655959385 703
3.530927639658484 704
3.5310065667414903 705
3.531086292564272 706
3.5311348506396474 707
3.531537854506998 708
3.5319268518432496 709
3.531973933529647 710
3.53205332114949 711
3.5321945999973337 712
3.5325441939236364 713
3.5325615956645593 714
3.5325987795358103 715
3.5326288780832926 716
3.5334897285593865 717
3.533717686418579 718
3.5338371209954795 719
3.5341984674278533 720
3.5343178321326545 721
3.5343563062412984 722
3.534447783487135 723
3.53470053337953 724
3.534821245065136 725
3.5349222084811096 726
3.5349239360618405 727
3.5350457949748275 728
3.5351685496598844 729
3.5352152642043806 730
3.5355279959671058 731
3.536199351743763 732
3.5364368429743176 733
3.5364599490618365 734
3.537040557725575 735
3.5371593796181053 736
3.537286910394878 737
3.537407980888896 738
3.5375223340532247 739
3.5375697548519662 740
3.537878776515423 741
3.5379424924608447 742
3.538143590524681 743
3.5392343488281632 744
3.5394659405297957 745
3.540102502825961 746
3.5401241629065794 747
3.5402894708651313 748
3.5403648455341252 749
3.540634790561691 750
3.540681612309433 751
3.5408288895297475 752
3.5408576339914735 753
3.5408925058811502 754
3.54089485321005 755
3.5409859676662765 756
3.540991883031329 757
3.5414609694931944 758
3.5415819498449586 759
3.542179326236609 760
3.5423415307063584 761
3.5423525705187355 762
3.5424087878170067 763
3.5427284750979386 764
3.543084452495761 765
3.5433885728181798 766
3.5438687691899973 767
3.5439867555390423 768
3.5442114774248745 769
3.5442617374167997 770
3.544329208179975 771
3.5444611114319184 772
3.5445228367182904 773
3.5448046903175183 774
3.5451386904517825 775
3.5453232367686227 776
3.545470595025483 777
3.545733955272206 778
3.5464923901146728 779
3.5465559934924005 780
3.5465896724186043 781
3.547376502091019 782
3.5474534313453403 783
3.5475429790365127 784
3.5475580554619714 785
3.547802595880116 786
3.5481547817237464 787
3.5490585505094785 788
3.549062859151505 789
3.5495113424256077 790
3.5495321552955605 791
3.549543654761559 792
3.5499090644657114 793
3.550204458455874 794
3.550294606042599 795
3.5507542542662756 796
3.551285096387626 797
3.5513512601646378 798
3.551642610729163 799
3.5517142501600114 800
3.551735952421438 801
3.5521765519228468 802
3.5522192796089973 803
3.5522321858969272 804
3.552980860568877 805
3.553013817424822 806
3.553671346005332 807
3.5537065215748735 808
3.5540238983741044 809
3.5542029363027714 810
3.554484138441225 811
3.55507290838891 812
3.55520800994545 813
3.5552752336534987 814
3.555580970327794 815
3.555588041452188 816
3.555660154219145 817
3.5562302216794275 818
3.556277098610829 819
3.5566107949833685 820
3.5567302256214397 821
3.5568402447337575 822
3.557280709131969 823
3.5574301319539927 824
3.557537150723623 825
3.557585448299807 826
3.5580095941455863 827
3.558051403417757 828
3.558429897859012 829
3.5585318333815197 830
3.5589546956676434 831
3.559026992866446 832
3.5590874284435534 833
3.5597176859480153 834
3.559733139488791 835
3.559925961457161 836
3.559955984692563 837
3.5600795810243766 838
3.560301538108168 839
3.5608906955028896 840
3.561255065412223 841
3.5615555006678035 842
3.5617493537976346 843
3.561940664636473 844
3.5620330158731015 845
3.562058549960739 846
3.56244501453439 847
3.562445429458695 848
3.562473629042035 849
3.56250939098501 850
3.5631806223965166 851
3.563517920573795 852
3.564453708716632 853
3.564476609058433 854
3.5645920509226925 855
3.5646112550332343 856
3.5648775042740617 857
3.564939662714533 858
3.564964232422227 859
3.56497020398207 860
3.565324551761959 861
3.5653987017738737 862
3.5654375097703053 863
3.5654580934270332 864
3.565514383406884 865
3.5657357076268292 866
3.5658518191260042 867
3.5660624387206865 868
3.56628098561894 869
3.5662972151863284 870
3.5664840218202807 871
3.5667802160116087 872
3.5668341462938358 873
3.5668453750099 874
3.5671909144360945 875
3.56727148965882 876
3.567416970651496 877
3.567574278506072 878
3.5681402140114757 879
3.568661010586518 880
3.569885595856386 881
3.57008894389262 882
3.5708909238583573 883
3.5709678351561465 884
3.5715223959618334 885
3.57161600362799 886
3.5723087840267094 887
3.573120077503718 888
3.573163465670464 889
3.573194461154878 890
3.573407565914794 891
3.573468755250303 892
3.5739519345124697 893
3.5740655603685982 894
3.5740934071207446 895
3.5743068129183295 896
3.5745081559449914 897
3.5750822280386845 898
3.5754304874421563 899
3.5755213923367566 900
3.5755344367902335 901
3.575550078380539 902
3.575868740721397 903
3.576400542474693 904
3.5766140764715644 905
3.57770538397518 906
3.577749892928347 907
3.577889806343073 908
3.5780017421516805 909
3.579094224595635 910
3.5792035528556303 911
3.5793005827807005 912
3.5794493961428424 913
3.5799560249816684 914
3.5803185951643686 915
3.5804774467989544 916
3.5805596415135232 917
3.5805633287917833 918
3.58065363457862 919
3.580903525643689 920
3.581026618588101 921
3.5812055392170463 922
3.581265198842064 923
3.5812996570429196 924
3.581641323372254 925
3.5818764851227756 926
3.582087813842344 927
3.5821531229365546 928
3.582177526731847 929
3.5828749584870847 930
3.583524981262726 931
3.584302055025768 932
3.584971415708884 933
3.585123878730158 934
3.585455722648613 935
3.5858430938635664 936
3.5861671485706537 937
3.586237901646275 938
3.586730777612671 939
3.5874152030825712 940
3.587421671546287 941
3.5879358452688495 942
3.5879833658529194 943
3.5879961257855664 944
3.588084999526515 945
3.5883987245264306 946
3.588495165282254 947
3.588505288726178 948
3.588564594930314 949
3.588672207996997 950
3.588837983430904 951
3.588861388263407 952
3.5892462663164757 953
3.589334421699044 954
3.5894447042764877 955
3.589464894619924 956
3.589492890367578 957
3.589630029604049 958
3.589738034770207 959
3.5898253660224797 960
3.589957981280455 961
3.59014948487159 962
3.5907363293966035 963
3.5915387090341855 964
3.591734302017321 965
3.5921538288070027 966
3.5922626963011073 967
3.5928279675205372 968
3.5929837584801683 969
3.593639142328432 970
3.593686601429472 971
3.5938392413110813 972
3.594158289379234 973
3.5942242599866265 974
3.594338645843197 975
3.594618686341707 976
3.59476357646154 977
3.5953008167028058 978
3.595466374632032 979
3.5960924929089297 980
3.596572238631671 981
3.5967090632814522 982
3.5968025754269037 983
3.5969089923244657 984
3.597145952240709 985
3.5972335602836965 986
3.597420487115303 987
3.598005991057327 988
3.5981751673329336 989
3.5990376871016188 990
3.5999869604120223 991
3.6007357015073436 992
3.600819217746167 993
3.6011201830509183 994
3.601167721126903 995
3.6014928063540474 996
3.6023183343126037 997
3.6023918890358098 998
3.6026140609879898 999
3.603486910165716 1000
3.603688568733003 1001
3.603732354659248 1002
3.6041414227484023 1003
3.604309059221281 1004
3.604342515395651 1005
3.6044229540945123 1006
3.6046025324087725 1007
3.604955838054163 1008
3.6049566554388455 1009
3.6051925506501528 1010
3.6054625584473214 1011
3.6054800040090687 1012
3.605893976586549 1013
3.6060043177643943 1014
3.6060410992942646 1015
3.6061602717739016 1016
3.60636227871672 1017
3.6071750091200165 1018
3.6074345158905556 1019
3.6075125114777085 1020
3.6076611216759242 1021
3.607790497164037 1022
3.6081159915596164 1023
3.609401362279287 1024
3.6096700251769076 1025
3.609690732275695 1026
3.6099420654402583 1027
3.60998004511927 1028
3.61002067538068 1029
3.6100478578708897 1030
3.6103743474563235 1031
3.611226399400486 1032
3.6113025659581885 1033
3.611584092411549 1034
3.612111468087402 1035
3.6123432317949886 1036
3.6128888320765866 1037
3.613285657044662 1038
3.6133738535368107 1039
3.613504798343625 1040
3.613817122032689 1041
3.613826361470182 1042
3.6138549989365396 1043
3.613856129763292 1044
3.6141557978160446 1045
3.6144900775228113 1046
3.614571106282801 1047
3.61469924706005 1048
3.6147678582628906 1049
3.614815460239033 1050
3.6149172372384633 1051
3.6152969036916827 1052
3.6154255896575873 1053
3.61562151401742 1054
3.615830656423503 1055
3.6159027029073796 1056
3.615949784513374 1057
3.6159668071995483 1058
3.616151544144997 1059
3.61659022170752 1060
3.6166551972405783 1061
3.617182639689159 1062
3.6173332095324255 1063
3.617706979908736 1064
3.617713064980241 1065
3.6177534326654266 1066
3.6178671521368724 1067
3.617987519277963 1068
3.618236274566099 1069
3.6182481150593118 1070
3.61930649434615 1071
3.61940255717409 1072
3.6194372732521978 1073
3.619456703930052 1074
3.6195757670518396 1075
3.6197782723959246 1076
3.619800835282055 1077
3.6202087569234167 1078
3.6204013566660813 1079
3.620425589642285 1080
3.6210115972926618 1081
3.6210619475955204 1082
3.621184937832346 1083
3.621278290906448 1084
3.6221274021940437 1085
3.6223470255298134 1086
3.622390929382089 1087
3.6225212838862806 1088
3.6227092584866023 1089
3.6228079565300484 1090
3.6228649797237957 1091
3.622929825651954 1092
3.62297684645964 1093
3.6234336499819406 1094
3.6234547723 1095
3.6236702661535753 1096
3.623788209559491 1097
3.6238191721114377 1098
3.623970500072394 1099
3.6240757109856583 1100
3.6244938843249956 1101
3.6250243080604623 1102
3.625712821179474 1103
3.626027156639481 1104
3.6263464658718507 1105
3.626476982022921 1106
3.626572356389639 1107
3.6265860734375415 1108
3.6268661074383024 1109
3.6268906289841487 1110
3.627118451593053 1111
3.6278253396043167 1112
3.6278443811077157 1113
3.6280635997757713 1114
3.628910900354701 1115
3.629118991775387 1116
3.6291759517808733 1117
3.6294111077511864 1118
3.62953980917673 1119
3.6299913333359344 1120
3.6300928383095803 1121
3.6303624859001378 1122
3.6304819891351374 1123
3.630645216489625 1124
3.630934369043528 1125
3.6309724979804927 1126
3.6309928048627604 1127
3.6316221075896835 1128
3.6317598479203013 1129
3.632033037045073 1130
3.632047162544947 1131
3.6323282340276783 1132
3.6323462487858738 1133
3.6329122398909504 1134
3.6329513152777846 1135
3.6330759077422092 1136
3.6342060251408466 1137
3.634287611776208 1138
3.6350915187260577 1139
3.6352970502684747 1140
3.6353675898185998 1141
3.63540591784595 1142
3.635415868039497 1143
3.6354644362444146 1144
3.6368956599564433 1145
3.6369278434233556 1146
3.637105172026004 1147
3.637607256999982 1148
3.637757562536142 1149
3.6377961858227494 1150
3.6388411674042302 1151
3.6396929647734324 1152
3.6397959509111084 1153
3.6398361960584107 1154
3.6398950088270836 1155
3.639975862530747 1156
3.6402035573057256 1157
3.6406315598718235 1158
3.640807458280245 1159
3.640878150375997 1160
3.6409730807346157 1161
3.641384014623608 1162
3.641390301092818 1163
3.6415266794362657 1164
3.641664904856033 1165
3.641771223459061 1166
3.6420746609432606 1167
3.642190148960478 1168
3.6422032942649616 1169
3.642394314220779 1170
3.64253725519146 1171
3.6427667217512356 1172
3.642773619195384 1173
3.6427905992460166 1174
3.6431746835289407 1175
3.6434204142122217 1176
3.643441896202843 1177
3.644685249390499 1178
3.6452494522671888 1179
3.6455497547287914 1180
3.645934719048497 1181
3.647238868613906 1182
3.647417270516034 1183
3.6474938492984785 1184
3.6479982484708753 1185
3.648544464965126 1186
3.649005468483709 1187
3.649056518367133 1188
3.649937095111953 1189
3.6499947281616834 1190
3.6501594617435105 1191
3.650866718855915 1192
3.650978168372811 1193
3.651062616390148 1194
3.6510851778162743 1195
3.651215771649361 1196
3.651494337668644 1197
3.651568240126035 1198
3.6518116825830176 1199
3.6518501419956166 1200
3.652079820619201 1201
3.6522903833932374 1202
3.653230296023787 1203
3.6532998440825324 1204
3.653440010533316 1205
3.653771144149612 1206
3.653782994319553 1207
3.6540546474642013 1208
3.6541789566834297 1209
3.6547725204614583 1210
3.6549274713752724 1211
3.655829355224832 1212
3.656301464786287 1213
3.656905505128154 1214
3.65715287347286 1215
3.657198008980935 1216
3.6572079261542076 1217
3.6573435908505614 1218
3.6575916173943392 1219
3.6582071481831355 1220
3.658711003903767 1221
3.659212529807976 1222
3.659465432427664 1223
3.659716780570353 1224
3.660357031256698 1225
3.660786719004549 1226
3.6610726591693576 1227
3.6610923707235883 1228
3.661374971677 1229
3.661390817649282 1230
3.662732560277044 1231
3.6629178994914837 1232
3.663670539122952 1233
3.6636791130130852 1234
3.663688672320364 1235
3.6642119151590213 1236
3.6642882499104195 1237
3.664301911557284 1238
3.6643738027899992 1239
3.664604207935384 1240
3.6650221792209585 1241
3.6652133999511918 1242
3.665563993912902 1243
3.666028019038338 1244
3.6660769040766454 1245
3.6668467300699965 1246
3.666855190554789 1247
3.667883475195115 1248
3.667971242348143 1249
3.6683635623288504 1250
3.6685873216112515 1251
3.6687114009010755 1252
3.669116014135648 1253
3.66914069140608 1254
3.6691493527057015 1255
3.669549350860018 1256
3.670022539716269 1257
3.67015433278058 1258
3.670253348902176 1259
3.6702812728697856 1260
3.67035725034725 1261
3.671123855382994 1262
3.671212054240108 1263
3.6712778527058063 1264
3.6713646572013645 1265
3.6714233565144547 1266
3.67146742427398 1267
3.6725138815864233 1268
3.6726069712209903 1269
3.672620060011315 1270
3.672952844945973 1271
3.6730361785300234 1272
3.673389702453547 1273
3.6734504868267233 1274
3.6734947551401946 1275
3.673556162271257 1276
3.673946554142038 1277
3.6739549334407258 1278
3.674011363282131 1279
3.674018389229354 1280
3.6743543000057257 1281
3.6754602365124747 1282
3.6755946822421235 1283
3.6758412105897325 1284
3.6760487275172498 1285
3.676140903648566 1286
3.6766083087583934 1287
3.6767327859603087 1288
3.6768811754348465 1289
3.676913335842145 1290
3.67693396869597 1291
3.6770525121124984 1292
3.678089269918929 1293
3.678449962125445 1294
3.6787159592323984 1295
3.679361537438889 1296
3.679833638139124 1297
3.679870607022872 1298
3.680168576243521 1299
3.6803424734962995 1300
3.681378579768625 1301
3.681716564427044 1302
3.682281258247984 1303
3.682522948127775 1304
3.682794509601867 1305
3.6836077631609485 1306
3.6838071160626433 1307
3.6842428486532484 1308
3.6843316030375712 1309
3.6843836768712865 1310
3.684559758554407 1311
3.6848844435857706 1312
3.6849378412074283 1313
3.6852418223998793 1314
3.6855272030303103 1315
3.685972081548163 1316
3.6867275543777 1317
3.686812671525926 1318
3.6885369370161185 1319
3.688590251067206 1320
3.6887171030891137 1321
3.6890916665430735 1322
3.6891345785203313 1323
3.6892381319180134 1324
3.689476153763991 1325
3.6899371826106777 1326
3.6911347849517897 1327
3.691208388536077 1328
3.6913177572119564 1329
3.691669049523489 1330
3.69195676016754 1331
3.6922192111167447 1332
3.6934113404465907 1333
3.6938541227279558 1334
3.694507556232367 1335
3.694583655222845 1336
3.6947279795561863 1337
3.694776391563118 1338
3.6953927672213003 1339
3.695438204338351 1340
3.6956320974988146 1341
3.695858574842335 1342
3.6966446017512737 1343
3.696731902124573 1344
3.697178259806635 1345
3.6971899252110827 1346
3.6977684514931655 1347
3.6978627300659825 1348
3.698351342159288 1349
3.6993155036316363 1350
3.700397859646689 1351
3.7004472884806106 1352
3.7010660055398734 1353
3.7013564762173194 1354
3.701448623072505 1355
3.70173244785793 1356
3.7019850300407082 1357
3.703674316939951 1358
3.7037420981492253 1359
3.704637503442635 1360
3.704748351000409 1361
3.705244047311176 1362
3.7054227593771576 1363
3.7054730672160434 1364
3.7056182148340793 1365
3.7058307156095895 1366
3.705980232246135 1367
3.7068480525411984 1368
3.7068659357879215 1369
3.7070821128652263 1370
3.707752592135785 1371
3.70826850406802 1372
3.708751100487587 1373
3.7087922243095535 1374
3.7094624837647654 1375
3.7108220868520374 1376
3.7109315204679802 1377
3.7110031702802257 1378
3.711423963439256 1379
3.712618280844811 1380
3.712890349184075 1381
3.713517831810693 1382
3.7137203047395024 1383
3.7141875556700663 1384
3.7144348811611696 1385
3.7150840790296633 1386
3.716288656304308 1387
3.716390551928578 1388
3.7165268364736277 1389
3.716789530329942 1390
3.716862613631077 1391
3.717144778802443 1392
3.7174879711429516 1393
3.717558048189567 1394
3.720103250148763 1395
3.7209465106544064 1396
3.7213233833347332 1397
3.721458238717163 1398
3.722328535207777 1399
3.7224456710446647 1400
3.722452990040756 1401
3.7232806779052035 1402
3.7236392586560703 1403
3.7237786463125486 1404
3.7246214750605082 1405
3.7250769338468417 1406
3.72568677574595 1407
3.726224643947944 1408
3.726336149966484 1409
3.7273259313327496 1410
3.727334269849556 1411
3.727736933221559 1412
3.728503337850486 1413
3.729008661439281 1414
3.7291463375052563 1415
3.7314629247275555 1416
3.7341983227150854 1417
3.734316895811471 1418
3.7345519941867167 1419
3.735586841415779 1420
3.7358341051655577 1421
3.7374399788683856 1422
3.7383163282199354 1423
3.738470244321413 1424
3.7393332926101452 1425
3.7394918556787355 1426
3.7396033874823567 1427
3.7399857438449535 1428
3.740632743196007 1429
3.74087966801526 1430
3.740909195424763 1431
3.7411140132605114 1432
3.7413062604513203 1433
3.74278840529083 1434
3.746585721515951 1435
3.7475208892026792 1436
3.748185671322805 1437
3.7499128906357915 1438
3.7499469733975754 1439
3.7505642988286176 1440
3.7514819499349783 1441
3.7522306102442915 1442
3.7524133738664402 1443
3.75277798736952 1444
3.753148277211763 1445
3.7534317186659445 1446
3.7540127026484305 1447
3.7544372980930767 1448
3.7560921068951876 1449
3.756568312707067 1450
3.756614288956611 1451
3.758004710157208 1452
3.7587161522329393 1453
3.760257303476648 1454
3.766123542479443 1455
3.768188882101599 1456
3.7692502861437975 1457
3.770647689655585 1458
3.7712449783076365 1459
3.7732368594078234 1460
3.7735426377507775 1461
3.774984526002442 1462
3.7791853154281525 1463
3.7792522708629144 1464
3.779778114482738 1465
3.7806001455721723 1466
3.790034985994336 1467
3.7910380388247247 1468
3.794983448232748 1469
3.800226626415054 1470
3.8014227623902577 1471
3.801686145123348 1472
3.802107210661976 1473
3.802843189922382 1474
3.8033997062385443 1475
3.805871264196834 1476
3.8060698619656352 1477
3.8088412631119417 1478
3.8143513764954453 1479
3.816032441232119 1480
3.8174563583162673 1481
3.8192468534244637 1482
3.822305342630055 1483
3.822746108682353 1484
3.8248266260283277 1485
3.826784350553613 1486
3.832433726800652 1487
3.834660055361781 1488
3.846776121751949 1489
3.849791345816322 1490
3.8526751307669906 1491
3.853171596894756 1492
3.854589805686323 1493
3.8579210812879907 1494
3.8629494824994484 1495
3.868791476304051 1496
3.8705286693910073 1497
3.8905783964167373 1498
3.916526456185319 1499
3.981512222374276 1500
