3.2909793956148465E-5 1
7.113484456205965E-5 2
2.8747834775932896E-4 3
3.824797054167717E-4 4
0.0014747302904491997 5
0.0017133668069706507 6
0.002205019517502294 7
0.0022573021101319752 8
0.0022776929477340002 9
0.0022950313488095953 10
0.00232651430079972 11
0.0027631504992229887 12
0.003227071643392699 13
0.0033987578154235365 14
0.00413980441337658 15
0.004156176031565262 16
0.004277160282638803 17
0.00464691526028238 18
0.004676122418331153 19
0.004717178109761522 20
0.005363359984852658 21
0.005554902567863784 22
0.005820025965756871 23
0.0060844145218515435 24
0.008016526272274949 25
0.008127464022369801 26
0.008560279377558266 27
0.0088191825578805 28
0.009104624909353931 29
0.009146163661256868 30
0.009474312001846563 31
0.010051557861731897 32
0.010063760905773541 33
0.01049381784240061 34
0.010741770678130591 35
0.011062912162823402 36
0.011203699674768199 37
0.011218748668285646 38
0.012235045094484863 39
0.013071520926772663 40
0.013574648783374665 41
0.014775976858236008 42
0.015828711860015332 43
0.015858574621951508 44
0.016241640778653477 45
0.016309476609701615 46
0.016496006933443334 47
0.016727107082428194 48
0.016751217932920115 49
0.017271466449678866 50
0.017711167596424715 51
0.017776726292142168 52
0.01783169099163812 53
0.017854538915570425 54
0.017874544249967927 55
0.01793740787787607 56
0.019062912488567223 57
0.019576018863866063 58
0.019954241281352484 59
0.020282076859601816 60
0.020665730385834243 61
0.02076371421937301 62
0.021344835577064625 63
0.021816422057040263 64
0.022075294109066994 65
0.022882270590932285 66
0.023289815571976062 67
0.023540776302948985 68
0.023544044652978997 69
0.023802878095880557 70
0.02423879939731516 71
0.02438204338665306 72
0.02509197191812068 73
0.025696348320982113 74
0.026167070373399555 75
0.02646427749916031 76
0.026634345042611245 77
0.026647107569827137 78
0.02680717389672821 79
0.02735675296581236 80
0.02762820959358958 81
0.02805072245030332 82
0.02812107796445362 83
0.028373918545627375 84
0.028533936403261625 85
0.028547329385025855 86
0.028686203435600965 87
0.02884901488538311 88
0.028968041808431044 89
0.02964451408005775 90
0.029771883693839984 91
0.02993002939387012 92
0.030423337771062715 93
0.030537358354582204 94
0.03101273917321457 95
0.03127754494019996 96
0.031312961558976386 97
0.03143856485914969 98
0.03147418875136942 99
0.031482505433196584 100
0.03156175629502566 101
0.031580821583512164 102
0.031993191252642994 103
0.032052775374725735 104
0.03251330423301102 105
0.03255748251111862 106
0.0326165773064494 107
0.032627776384295204 108
0.03295885742335903 109
0.033267822771911766 110
0.033376695948632074 111
0.03354113230555772 112
0.03356030637887714 113
0.0336326094959995 114
0.03375528423580004 115
0.03429566128472473 116
0.0344587010598622 117
0.0348756137347656 118
0.0348848230427498 119
0.03493640922494317 120
0.035000067160835424 121
0.03500997354139613 122
0.035599857573036575 123
0.03574147945455391 124
0.03578349669672754 125
0.035838497482554535 126
0.036251534612684426 127
0.036334151639415994 128
0.036488709889271005 129
0.03680681288295618 130
0.03690133782733934 131
0.03704289740231081 132
0.03743291452048798 133
0.037484906726909566 134
0.03755758313253843 135
0.038132844757407185 136
0.03834301154949799 137
0.03846748003348383 138
0.039886512380398316 139
0.04166886174076357 140
0.04272388104790741 141
0.04424297698664654 142
0.04449754390316369 143
0.044773909813492 144
0.04494911191216212 145
0.04543667430048452 146
0.04601289745325571 147
0.046538141449265595 148
0.046614685227315975 149
0.046730676000380666 150
0.04722741742017589 151
0.04743649056241249 152
0.04775556740025816 153
0.047811823840952346 154
0.04787376391391134 155
0.0479751393631415 156
0.04810374249345757 157
0.048568843011001735 158
0.04877955682853957 159
0.04912847521094672 160
0.04923519726692633 161
0.04945386398140062 162
0.04953471022885376 163
0.050124459855595146 164
0.05055272559867131 165
0.05082159618728249 166
0.05090733145979832 167
0.050928117922015965 168
0.05109471452124164 169
0.05139083243601689 170
0.0516634335351664 171
0.052100408648794894 172
0.05262508992136117 173
0.05267167534235573 174
0.05288240982674519 175
0.05374735145681879 176
0.05402654044416467 177
0.05411755795576473 178
0.0546646020143473 179
0.05476537638072359 180
0.05480242026706433 181
0.05488597783898657 182
0.055245872588058575 183
0.0557677735644942 184
0.05657763950450134 185
0.05672401707449475 186
0.05697620702026324 187
0.05736600222383543 188
0.057471342186419416 189
0.057545767314988935 190
0.057843229700328624 191
0.0583695337643691 192
0.05885987597414346 193
0.05888999764782232 194
0.05898315408737923 195
0.059407924131031825 196
0.0596658257534889 197
0.059727962423230196 198
0.06034803915296326 199
0.060435933326116534 200
0.06059383459449569 201
0.0606339653687768 202
0.06100695771741292 203
0.061331671424128605 204
0.061805708833280064 205
0.06209869841143097 206
0.06223751035663749 207
0.0622393770378421 208
0.06256040087035018 209
0.06267309588362048 210
0.06269110272397234 211
0.06302887719717937 212
0.06342843728195506 213
0.06378084956898272 214
0.06395149147811725 215
0.0640641475379315 216
0.06461404871402493 217
0.06596281725508008 218
0.06610992746149504 219
0.06621592972612793 220
0.06629533619190335 221
0.06635128909277359 222
0.06640831967992109 223
0.0671028818457053 224
0.06744418916557239 225
0.06790087201712053 226
0.06800300962768008 227
0.06802342818775453 228
0.0689376508588954 229
0.06894691330545843 230
0.0691059473318128 231
0.0693213506457007 232
0.06932565751814342 233
0.06969609731921406 234
0.07008404450967114 235
0.07017984492371365 236
0.0716154678143777 237
0.07211534725560935 238
0.07212314964190854 239
0.07241644234350865 240
0.07241759333616227 241
0.07241971460897184 242
0.0730467427737167 243
0.0732602072011332 244
0.07364789449334741 245
0.07373065443903375 246
0.07411892614403622 247
0.07421754124116799 248
0.07427646101778791 249
0.07435753997851711 250
0.07533749758794855 251
0.07548940888066734 252
0.07550792435030634 253
0.07566356856441876 254
0.07637982084914818 255
0.07691725383311569 256
0.07710627774856894 257
0.07760505864771884 258
0.07763620677060534 259
0.07783292114659392 260
0.07855911017220923 261
0.079156709348996 262
0.07929756541450635 263
0.07955974985214785 264
0.07984148990034906 265
0.0803641089763389 266
0.0804697461076577 267
0.08111697544980095 268
0.08125067596148504 269
0.0814816430328301 270
0.08172211837053552 271
0.08188086315380938 272
0.08188277730375149 273
0.08213990950372613 274
0.08310848878201693 275
0.08408223753059212 276
0.08463591198729904 277
0.0846477361687939 278
0.08534683720292902 279
0.08550232573002864 280
0.0855053366938578 281
0.08582072508923438 282
0.08637623747140095 283
0.08646686035240385 284
0.08668290225733694 285
0.08693313790195836 286
0.08715244280324504 287
0.08811471374322681 288
0.08822393883545415 289
0.0888257483960594 290
0.08917417833297014 291
0.0900126335251191 292
0.090195802948677 293
0.09027187252821688 294
0.09046928354086746 295
0.09130337653132163 296
0.09148435061343292 297
0.09171631258895173 298
0.09223054080241978 299
0.09233324453501329 300
0.09279460728321862 301
0.09296254375937263 302
0.09358240913724637 303
0.09358833193336635 304
0.09364012345942677 305
0.09495258883357253 306
0.09523798707387686 307
0.09528558713956267 308
0.09604024383579389 309
0.09625230817561149 310
0.09675532826361039 311
0.09702848952622971 312
0.09741640178924994 313
0.09757627866070391 314
0.0976053297265833 315
0.09762180084466594 316
0.09766767375013712 317
0.09777375694316541 318
0.09791335716867046 319
0.09836975490273579 320
0.09878115654900989 321
0.09889964457396186 322
0.09964758318016224 323
0.09969562494773813 324
0.1001374199659512 325
0.10014598369772512 326
0.10023841168633264 327
0.10100702583508356 328
0.1012310979953426 329
0.10148358105453086 330
0.10218866521252601 331
0.10237915497284644 332
0.103091142183045 333
0.10384543295272523 334
0.10409492406450532 335
0.10414466043981975 336
0.1045428245620123 337
0.1050152466850568 338
0.1051100228384063 339
0.10526495100966447 340
0.1052953034710374 341
0.10536448402607144 342
0.10562141927099379 343
0.10714851899804109 344
0.107150444904323 345
0.10738262389122963 346
0.10758647236268666 347
0.10776786225907996 348
0.10804343574729063 349
0.10813208810357852 350
0.10817532603488338 351
0.10835024697738105 352
0.10875851078164628 353
0.10881966282419259 354
0.10910862850009423 355
0.1092218813043009 356
0.10961264842831808 357
0.10983808753964402 358
0.11085770034622569 359
0.11104000716165545 360
0.11125690182462628 361
0.11162774341009207 362
0.1117653606727087 363
0.11203665463385329 364
0.112070365157279 365
0.11274049151699608 366
0.11288995582218356 367
0.11291866235368288 368
0.11381132922583231 369
0.11416575285379087 370
0.11419486784604466 371
0.11433302558036573 372
0.11436009768694536 373
0.11440046346179623 374
0.11516198784426016 375
0.1152147135047381 376
0.11585538323658119 377
0.11600879384293548 378
0.11613063924961249 379
0.11623607032018426 380
0.11639771407009487 381
0.11778833119354173 382
0.11825968310832262 383
0.11833566845568833 384
0.1187970259637436 385
0.11883546841621141 386
0.1188403741454359 387
0.11987298457442208 388
0.11992116499163202 389
0.12014931931824227 390
0.12031821861353355 391
0.12032973269950437 392
0.12052244541216482 393
0.12067170299475194 394
0.12095696029218152 395
0.12098260833590041 396
0.12109243223178356 397
0.1213887551612428 398
0.12154911797307622 399
0.12155249662495055 400
0.12159233077926619 401
0.12202873677823166 402
0.12224374636865032 403
0.12242393557904618 404
0.12272969032465995 405
0.12275692662731807 406
0.12279380867076657 407
0.12309263010331453 408
0.12329545168422643 409
0.1242204842154308 410
0.12463584351928801 411
0.12501275831182532 412
0.1251719211250374 413
0.12541565893142675 414
0.12602560039566912 415
0.1269109715780906 416
0.1271046017953615 417
0.12778863486398373 418
0.1281905222760689 419
0.12894641127364917 420
0.12940685094392346 421
0.1294286086145955 422
0.13008554401197553 423
0.1306265229009449 424
0.13115877939833745 425
0.13119910755575073 426
0.13166516463868044 427
0.13216981453523313 428
0.1323980438755561 429
0.13260115411716727 430
0.13262793154306146 431
0.1335134565598082 432
0.1340671213919496 433
0.1340703970469735 434
0.13424630838872698 435
0.13426567861038868 436
0.13434553079984102 437
0.1346734197408885 438
0.1348853920998716 439
0.13490274222459406 440
0.13496231222013927 441
0.13645603704365494 442
0.1380069495586927 443
0.13822449963923167 444
0.13834613741641602 445
0.13892044979715942 446
0.13911725057320898 447
0.13969616860602832 448
0.1399075216323085 449
0.1400369065368947 450
0.1405290239863906 451
0.14133039547650772 452
0.14233013943385614 453
0.14281445926304542 454
0.1428572399749011 455
0.14301783671446422 456
0.14307717482270765 457
0.14308733245687877 458
0.1432925792290448 459
0.14352823377788707 460
0.14395603332257473 461
0.14438968445129852 462
0.1445132378314786 463
0.1446254360835239 464
0.14545684274675003 465
0.14559279931747007 466
0.14600861019959793 467
0.14607575193818634 468
0.14628402040722877 469
0.14658906349360726 470
0.14663593481682724 471
0.14665095780794576 472
0.1466538588703362 473
0.14723366210239025 474
0.14726106214855517 475
0.1475006439497468 476
0.14794557742071177 477
0.14817206391798846 478
0.1489550522207828 479
0.1490206484704377 480
0.14910694298497193 481
0.14911812041040015 482
0.14920750881092343 483
0.14922060730250558 484
0.14940344202736658 485
0.14951085420122476 486
0.1497048744565854 487
0.14979213531267943 488
0.14989982231085686 489
0.15088158748003022 490
0.15113778606935424 491
0.151583666543351 492
0.15210572905141492 493
0.1527001779505972 494
0.15316481948570285 495
0.1537667114090614 496
0.1540083758433693 497
0.15403860169791145 498
0.15455577865702122 499
0.154881651093413 500
0.1551422436647846 501
0.15589041696824116 502
0.15626174562756598 503
0.1562999280546065 504
0.156711430631314 505
0.15683027326215435 506
0.1574378399556418 507
0.15798490461054648 508
0.15804394759568877 509
0.15820957881180842 510
0.15841362808909423 511
0.15847550511488087 512
0.15877151762466776 513
0.15905705739039616 514
0.15928379746513877 515
0.15976704624632654 516
0.16040738140850946 517
0.16088682793728706 518
0.16105185318061035 519
0.1611304381352642 520
0.1611389835392408 521
0.1611507293390357 522
0.16199175712733296 523
0.16237072526271407 524
0.16239890816946995 525
0.16274127968733346 526
0.1642130401439768 527
0.16436782108574838 528
0.16458123282049517 529
0.16553540468435013 530
0.16581904137857997 531
0.16582853950849463 532
0.16597084613694066 533
0.16628862474347186 534
0.16638414587365385 535
0.16643611292933694 536
0.16654747325244387 537
0.16718440584572736 538
0.16818051773935208 539
0.16964528733195747 540
0.1701039508893674 541
0.17010935631961502 542
0.1703102360897668 543
0.1711927586067549 544
0.1718559091392313 545
0.17188923406319404 546
0.17190953978728568 547
0.17198897015031206 548
0.17296581038725117 549
0.1730562765619497 550
0.1734461744215629 551
0.173451341786832 552
0.17352949408476478 553
0.17391920636288832 554
0.1743129138726514 555
0.17440063311056742 556
0.17506932940542813 557
0.1751254698722855 558
0.1752382607514016 559
0.17551702010719905 560
0.17560967422718257 561
0.17581653358954002 562
0.17611965960618683 563
0.17629610344400046 564
0.17689173934481942 565
0.1771716385684335 566
0.17722479037425332 567
0.17722652939963046 568
0.17725396488419626 569
0.1774406742067387 570
0.1779348353835826 571
0.17799863752621448 572
0.1781728773047326 573
0.1783790360853277 574
0.178564754357441 575
0.1788126447651826 576
0.1789810834548233 577
0.17913068130836365 578
0.1795209343976615 579
0.17997274929100548 580
0.17999123501376996 581
0.18010684928013737 582
0.1801788086894142 583
0.18096650772572262 584
0.18123351805161556 585
0.18133661626005285 586
0.18150004140363515 587
0.18179868776059224 588
0.18205909989791647 589
0.1827378752607681 590
0.18273914180492062 591
0.18281784528863793 592
0.18309492282564266 593
0.18314402021434562 594
0.18466526941420985 595
0.18476698456591792 596
0.18498783837605695 597
0.18510292878845233 598
0.18521252802077454 599
0.18529344647647658 600
0.18553159213809614 601
0.18605977156462922 602
0.18625201972521807 603
0.1862848300032696 604
0.18674470981238606 605
0.1873109633852722 606
0.1874945120455561 607
0.18751297199513312 608
0.18764669281282975 609
0.18828571977188993 610
0.1893421385958503 611
0.18952798555745953 612
0.18966195669437558 613
0.1897040567388465 614
0.1900763473350383 615
0.19115016160153106 616
0.1915775877225215 617
0.19162150963505648 618
0.1920723089064422 619
0.19253869422302652 620
0.19335619950269525 621
0.19376365370932827 622
0.19383288669763693 623
0.1938405971630064 624
0.1939823443911794 625
0.19471719297915527 626
0.1950037916379162 627
0.1956506234810624 628
0.19569885540589443 629
0.19594062105635773 630
0.19620130670731795 631
0.19670943081796852 632
0.196748415353755 633
0.19700305307515734 634
0.19767131100423682 635
0.19825934702682932 636
0.19903524970271125 637
0.19922241331624801 638
0.19945537304028246 639
0.200844663791949 640
0.2008634285158882 641
0.20126493347512825 642
0.20161915799231628 643
0.20187327011393186 644
0.201972301727018 645
0.20198494880889192 646
0.20223763031406672 647
0.20230838190063352 648
0.20456258987459155 649
0.20486039685087135 650
0.20526326434370257 651
0.20552531264895596 652
0.20563866988418592 653
0.2057972267614788 654
0.20635679292566692 655
0.20646270680498283 656
0.20673758000437734 657
0.20677676110706336 658
0.2073218257411424 659
0.20883629290355799 660
0.20968806397393772 661
0.2098690711338981 662
0.20994817743388283 663
0.21014996151220813 664
0.21041969812993544 665
0.21047752389860497 666
0.21101074164286224 667
0.21121532230226372 668
0.2124936121094185 669
0.21256437962964075 670
0.21267781491484428 671
0.2129282355651079 672
0.21304642581446706 673
0.21331302973391084 674
0.213368223941985 675
0.21346641062944624 676
0.21375048444691724 677
0.21419640205270063 678
0.2142834466084668 679
0.21450206084901383 680
0.2146382345790802 681
0.21489452876507045 682
0.21492789091609654 683
0.21493104853429776 684
0.215456555232368 685
0.21557395706426502 686
0.21581490963832242 687
0.21610662739330017 688
0.21613794675675807 689
0.21802463789740756 690
0.21829601329946752 691
0.21860019867759847 692
0.21879278824268086 693
0.21889448132964684 694
0.21907408277238224 695
0.21981622906027937 696
0.22081043594462438 697
0.22109064708838005 698
0.22118905512768913 699
0.2212000858003108 700
0.22143577209879742 701
0.22156757509978453 702
0.2220444408078625 703
0.2224785616306791 704
0.2225162523917442 705
0.22294178388076522 706
0.22306919828638316 707
0.22342153002099877 708
0.22427969178582155 709
0.22441832310145624 710
0.22457116666902738 711
0.2248329036228006 712
0.22539348535468273 713
0.22602542121258068 714
0.22617576024338953 715
0.22636818558193847 716
0.2263827043186752 717
0.22673698582864119 718
0.22687012440833662 719
0.2273577946101567 720
0.22738165549324243 721
0.22742855718147947 722
0.22746924849799227 723
0.2279199432097071 724
0.22798844071145824 725
0.2283301676703931 726
0.22845747117468862 727
0.22913936955981082 728
0.22930514052250991 729
0.22933007186955326 730
0.230304542783462 731
0.230360972200884 732
0.23050225397312907 733
0.2306473378809117 734
0.2307251798457732 735
0.23093867124954226 736
0.23111106805412657 737
0.23165875817118783 738
0.23221034576311117 739
0.23260476375967662 740
0.23284292550103117 741
0.23284598286418787 742
0.23385056556385225 743
0.23417084812572145 744
0.23431045595536232 745
0.23561771046819344 746
0.23579860690218296 747
0.23592650151904412 748
0.23610372868156432 749
0.23663670576674567 750
0.2367891447191838 751
0.23699636007434385 752
0.23759562322565156 753
0.2375967996005575 754
0.23760216979862384 755
0.23805630996080016 756
0.2383600913169882 757
0.2385038345873896 758
0.23865948450318517 759
0.23871410667813914 760
0.23924196377298376 761
0.23941144848002435 762
0.23943805593517034 763
0.2395096675087111 764
0.23968980537465925 765
0.23993487452772796 766
0.24015539036906472 767
0.24077043706414827 768
0.24114534232525736 769
0.24121978219191814 770
0.24142318629712775 771
0.2414539989536147 772
0.24161295134404825 773
0.24196269588790142 774
0.24292282956767713 775
0.24298920177526867 776
0.24330754439657235 777
0.24381353590382288 778
0.24381429484190104 779
0.24409848842128967 780
0.24431872764416543 781
0.24460976060694678 782
0.24461141862489325 783
0.24487154542848358 784
0.2453833846848647 785
0.2454390204535905 786
0.2457326153230078 787
0.24673740773427177 788
0.2477867122083471 789
0.24786636071510376 790
0.24797269490812918 791
0.24806668307253416 792
0.24820398851085199 793
0.24829829931440026 794
0.2487485714429294 795
0.24879088531138954 796
0.24887299557846476 797
0.24963497736007104 798
0.25010037946509905 799
0.2501173033306799 800
0.2501561447710841 801
0.250231415247677 802
0.2506502295838655 803
0.2515768958763153 804
0.2519523962069543 805
0.2525100323650014 806
0.2531925427204713 807
0.2531926438161377 808
0.25444348251039656 809
0.25490763637575165 810
0.2552211249494661 811
0.2559964829743112 812
0.25668982652441447 813
0.25679611139581077 814
0.25708485283673743 815
0.2578283314489312 816
0.2580323621412921 817
0.2585344721220299 818
0.2589596559353439 819
0.25902751663658924 820
0.25923874771201294 821
0.25927771094699753 822
0.25936884456158604 823
0.25993374550139053 824
0.2605424490602482 825
0.2606669551299623 826
0.2607028303230026 827
0.2611344658590282 828
0.26118933760035523 829
0.26182317185669013 830
0.26197177485098544 831
0.26199752191619885 832
0.2622181562047868 833
0.26243468086981336 834
0.26302807758070235 835
0.2630588177938321 836
0.2631052581271115 837
0.2632856554385647 838
0.26342790015195083 839
0.26365691545210157 840
0.2639188471594693 841
0.2641654116597883 842
0.26425794964066035 843
0.2652807380852701 844
0.2667876222144947 845
0.267092464315666 846
0.2672916800105803 847
0.2675026549632433 848
0.26781841559386127 849
0.26793520523481584 850
0.26810895617375213 851
0.2681189479967101 852
0.26952090386422917 853
0.26995097511194716 854
0.2704312378837514 855
0.2704848250868081 856
0.27061166458443464 857
0.2707709195478638 858
0.2711280704461214 859
0.2711904828628801 860
0.27228597164560786 861
0.2723023760228282 862
0.2724379640066721 863
0.2725890859117254 864
0.27369580826455414 865
0.2737143265887042 866
0.27381830560186843 867
0.2740616180568382 868
0.2745795003127728 869
0.2747844759896699 870
0.27526797899749833 871
0.2754156833898102 872
0.2759830802280847 873
0.27598414654689263 874
0.276039999038755 875
0.2762117491949401 876
0.27677982408218976 877
0.27695028016979334 878
0.2776406259930896 879
0.27770210796123407 880
0.2781004561459253 881
0.27818350442043355 882
0.27964411201355627 883
0.2799208796078068 884
0.28003761414162986 885
0.28020751314650016 886
0.2810087864727154 887
0.2812718996023325 888
0.2817499903817745 889
0.282782566045885 890
0.2832905827189357 891
0.2833894333593874 892
0.28366603693385567 893
0.28397045970828744 894
0.28469684729154693 895
0.2850525406153422 896
0.2850808936770074 897
0.2852431343374671 898
0.2853337552126101 899
0.28554388656941126 900
0.28636841686611225 901
0.28642349991865645 902
0.2866125914740391 903
0.28734637958246045 904
0.28772856956087256 905
0.2888025594581141 906
0.2889113203784133 907
0.2892142653195062 908
0.28937871508003227 909
0.2907698007244346 910
0.29083945820467627 911
0.2910601939502671 912
0.2913061137533328 913
0.29131653029066384 914
0.29198241397827623 915
0.29220269496089984 916
0.2923497080198296 917
0.29315218146762945 918
0.2934070097864101 919
0.2939748573319383 920
0.29399335125314147 921
0.2941375686240508 922
0.2942653632946556 923
0.29475040375462747 924
0.29496029976611976 925
0.29496254660356386 926
0.2954477823859921 927
0.2956562218433485 928
0.29602039901138527 929
0.2964214925692818 930
0.29644664500757695 931
0.29689411376884983 932
0.29746773579662367 933
0.2979242737511308 934
0.2982678714132468 935
0.298425193394552 936
0.29884708486993483 937
0.29901633009670486 938
0.2990513347206588 939
0.29913124006901637 940
0.2992836351479706 941
0.29935127690463553 942
0.29967947336781825 943
0.2996816227431724 944
0.2996997563492315 945
0.2998424449646917 946
0.2999254290259224 947
0.30017012112157043 948
0.30074521281821676 949
0.30078362543565185 950
0.3008505292706134 951
0.30088332171741505 952
0.3010293396538864 953
0.3010437175147032 954
0.30104976632813035 955
0.30229243310409276 956
0.302397433523081 957
0.30250962223968836 958
0.3027730227617008 959
0.3034964869225708 960
0.3040700853352669 961
0.30433650022432157 962
0.30552656499099207 963
0.30605576363489073 964
0.306081355037342 965
0.3070127423351789 966
0.30705530949101545 967
0.3080815100542797 968
0.30875892565649243 969
0.3088214782597916 970
0.30898442298829976 971
0.309189630035817 972
0.3094316797100589 973
0.30949169061456505 974
0.30965381325282115 975
0.30983504818129937 976
0.31046943948642136 977
0.3105728945252252 978
0.3109937777323462 979
0.3116592881233023 980
0.3125822501019906 981
0.3135235610590339 982
0.31359119560565607 983
0.31366115874706585 984
0.31378190737564743 985
0.3139498217666471 986
0.3147066586111346 987
0.3158496976347266 988
0.31594794394626474 989
0.31603514195970855 990
0.3166142470740289 991
0.3166384200427986 992
0.31688139729824605 993
0.31709824851799256 994
0.31712789772606664 995
0.3176493362586691 996
0.31777081407881047 997
0.3182343076366847 998
0.3186378784528868 999
0.31900580475469653 1000
0.3191599256081053 1001
0.31917690816752464 1002
0.319240878930427 1003
0.31925581976074807 1004
0.31940817697594387 1005
0.3196235328692719 1006
0.3199850168624502 1007
0.32006937123876195 1008
0.3202175149220138 1009
0.3204155550158667 1010
0.3204184330176766 1011
0.3208840219598748 1012
0.32091171431834553 1013
0.3218938386010309 1014
0.3226251650580172 1015
0.3226973221984008 1016
0.32276548436542457 1017
0.32283980235627374 1018
0.32295920480125156 1019
0.32298441893218044 1020
0.32345427243317476 1021
0.32347779912288815 1022
0.3241223084811787 1023
0.3249923853372367 1024
0.32543072304818627 1025
0.3260269022322183 1026
0.3270609583273888 1027
0.3273670071770695 1028
0.3276149427482809 1029
0.32770567011896823 1030
0.32782528147355805 1031
0.32830941115366746 1032
0.3283315807773044 1033
0.32872415887591616 1034
0.32926791251240306 1035
0.3294945779094402 1036
0.32965796393481495 1037
0.3298325570061055 1038
0.3300706448906879 1039
0.33048608554476844 1040
0.3309266645133278 1041
0.3322226336965609 1042
0.3329605803446943 1043
0.33317055355670006 1044
0.3332017877443751 1045
0.33341485672945737 1046
0.33410041720038314 1047
0.3348203436231898 1048
0.3354730365259395 1049
0.33547488537590847 1050
0.3356622982902883 1051
0.33567351895893416 1052
0.33587912437017753 1053
0.3362152111347372 1054
0.3370611610836124 1055
0.3373956421091305 1056
0.33827731355987795 1057
0.33848356914669664 1058
0.3388628091386895 1059
0.3395678780123817 1060
0.3400969767786526 1061
0.34036167208717355 1062
0.34070313678727104 1063
0.34087502302093 1064
0.34088786485114353 1065
0.3422222983530048 1066
0.3434936414360889 1067
0.34360720460935906 1068
0.34377630134788006 1069
0.3439680551072556 1070
0.3442305692353805 1071
0.3447481052036711 1072
0.34492762784911607 1073
0.34546053041460306 1074
0.3454896499952807 1075
0.3455978763768815 1076
0.3458049825367176 1077
0.3458972989717307 1078
0.34664519760783036 1079
0.34680883187672423 1080
0.3468800765958378 1081
0.34726242373575417 1082
0.3477185939176534 1083
0.34782079981057284 1084
0.3481428258326491 1085
0.3483202993949071 1086
0.3488037169152139 1087
0.34892860391476327 1088
0.3493291926640676 1089
0.3494181870957731 1090
0.3501402259751486 1091
0.35014279795812925 1092
0.350952769964678 1093
0.35107356162180514 1094
0.3512284802688271 1095
0.3514292708158787 1096
0.3515209828245967 1097
0.3523503944295787 1098
0.35242908978456366 1099
0.35271138028696486 1100
0.35286926135832253 1101
0.3530538791342745 1102
0.35387060390679786 1103
0.3542744623908884 1104
0.3542869809324723 1105
0.35430572403588556 1106
0.3543680622780363 1107
0.3543824629762708 1108
0.35459853866076896 1109
0.3549992584945949 1110
0.355066964809192 1111
0.35537073510475514 1112
0.3554092288920855 1113
0.35542926490779947 1114
0.355454369765463 1115
0.355466000664904 1116
0.35572564816932645 1117
0.35590192491686035 1118
0.3559280399255322 1119
0.3561646209884194 1120
0.356278926054169 1121
0.3563656161568207 1122
0.35868366085187414 1123
0.3587466534311711 1124
0.3598678767392099 1125
0.36028640112906946 1126
0.36109650253512054 1127
0.36149903107477793 1128
0.3620293338169714 1129
0.36227074176383156 1130
0.3623893828893445 1131
0.36331358062255364 1132
0.3634124609210762 1133
0.36355967509333925 1134
0.3636481980756726 1135
0.3637310456154376 1136
0.3639083144691184 1137
0.3645380511345754 1138
0.36557397522192947 1139
0.36564438535977445 1140
0.36566701309704136 1141
0.36647500146446493 1142
0.36762113562992893 1143
0.3678594189008322 1144
0.3689237784205087 1145
0.3693411754733005 1146
0.37011782179169395 1147
0.3702567410311162 1148
0.3707962588856452 1149
0.3713784833470874 1150
0.3716967513556309 1151
0.37192629405557415 1152
0.37242255295736115 1153
0.37253571819267994 1154
0.37261461480585023 1155
0.3726569563537794 1156
0.37292011571905304 1157
0.3729619300265285 1158
0.37358543128326843 1159
0.37371130230802924 1160
0.3737697402276768 1161
0.374248133641616 1162
0.37437980202151067 1163
0.37454715321611515 1164
0.3750017179159479 1165
0.3750770312918329 1166
0.3751442853308183 1167
0.37580763401963974 1168
0.3759825424226359 1169
0.37604866170895745 1170
0.37604876627534073 1171
0.3764242656541994 1172
0.3770372473752625 1173
0.3771104193117115 1174
0.37761975646133433 1175
0.3782174454577935 1176
0.37883489018686783 1177
0.3792005057258133 1178
0.3794648009921159 1179
0.3798876853583613 1180
0.38001181629703734 1181
0.3812705417757544 1182
0.3822827125051237 1183
0.38238433085130485 1184
0.38239799460307994 1185
0.38262554403431975 1186
0.3829840708164044 1187
0.38314367122889986 1188
0.38339271055133994 1189
0.38339949673996254 1190
0.38381584756095755 1191
0.3846775364533506 1192
0.38628297349367885 1193
0.38644109695086115 1194
0.3864773552422624 1195
0.38663638219953916 1196
0.38710047977474105 1197
0.387492043075248 1198
0.38770386089345427 1199
0.3878928913983079 1200
0.3882693921586178 1201
0.38971729422658125 1202
0.390069817744782 1203
0.3902214821929801 1204
0.39024690967554376 1205
0.3903176733651784 1206
0.3906067470764759 1207
0.390647411685188 1208
0.39093266341434685 1209
0.39102975700626885 1210
0.3911160301271835 1211
0.3914066836514984 1212
0.39145420646189544 1213
0.3917574851923058 1214
0.3921203201271974 1215
0.39297106780788216 1216
0.39298965136369557 1217
0.3932373079384412 1218
0.3935154412448712 1219
0.3935183639814197 1220
0.3936386718397307 1221
0.394008470940674 1222
0.39401929811778663 1223
0.39416075480988316 1224
0.39458828306308125 1225
0.395214900048283 1226
0.39532621111633504 1227
0.3958487053814202 1228
0.3963579507585245 1229
0.3965229013097931 1230
0.39752343524752737 1231
0.39775489365120825 1232
0.3985902721814951 1233
0.39891542596239143 1234
0.39948607301460476 1235
0.39958041802454597 1236
0.4004797238241487 1237
0.40064243601467175 1238
0.40096483394268456 1239
0.40121316863061446 1240
0.4016795096235061 1241
0.40350159249878204 1242
0.40379873902670305 1243
0.40394729132123025 1244
0.40413086110244983 1245
0.4049093380491549 1246
0.4058819580194096 1247
0.40630104643441395 1248
0.40660372681882595 1249
0.407583948395052 1250
0.4083600805276045 1251
0.4085854877129014 1252
0.40871882901462975 1253
0.40914555244857886 1254
0.4093370354216014 1255
0.4095897272448843 1256
0.40988567942588916 1257
0.41004771706466914 1258
0.4102734990619164 1259
0.41036866646515097 1260
0.4110494448326921 1261
0.4111559709500069 1262
0.4112905741176156 1263
0.4120192982015883 1264
0.4120786190640878 1265
0.4127485055849099 1266
0.4127933995274049 1267
0.4131107949412886 1268
0.41337862224147065 1269
0.4133887349382829 1270
0.4134275174312162 1271
0.4136606258322523 1272
0.41371759768985483 1273
0.41371927993022045 1274
0.4137544695837739 1275
0.41386263667419027 1276
0.41394840084884504 1277
0.4144514740965336 1278
0.414465440961904 1279
0.4144761927447923 1280
0.4145271447680371 1281
0.41471362091747144 1282
0.41506799267289496 1283
0.4150764013495338 1284
0.4150830590363058 1285
0.4154263535549183 1286
0.41550318006613984 1287
0.4168071816504447 1288
0.41683614548727627 1289
0.4171170290683038 1290
0.41727921196972595 1291
0.41748008972994305 1292
0.41752060846663996 1293
0.4178094186197598 1294
0.4193349660797046 1295
0.419936260696846 1296
0.41998033105065996 1297
0.4199883006435232 1298
0.4205173511928347 1299
0.42055219063649707 1300
0.4209228405183832 1301
0.4232780304271292 1302
0.42568190008127543 1303
0.42654647310353283 1304
0.4267637234106127 1305
0.42684282792812805 1306
0.42734059358975257 1307
0.42780614445553217 1308
0.427821655476923 1309
0.429113886916042 1310
0.4294251363396588 1311
0.4294881837231745 1312
0.4297375943559534 1313
0.430061621545524 1314
0.4310466044977346 1315
0.4311911621467889 1316
0.4314238722724202 1317
0.43176732386023003 1318
0.4323143969373003 1319
0.4325004119489555 1320
0.43297856168372184 1321
0.4333441071711866 1322
0.43425252451101065 1323
0.43449203255263985 1324
0.43483576515563677 1325
0.43559230529004306 1326
0.43585852704758193 1327
0.43590098483018297 1328
0.4361078383798015 1329
0.43613889385752413 1330
0.436147305396852 1331
0.4363924414044651 1332
0.43687328076172016 1333
0.43722922937801 1334
0.43725976950417855 1335
0.4373023717853142 1336
0.4376606065725191 1337
0.4380322002846607 1338
0.4395425068914916 1339
0.4397213015809282 1340
0.44010338853972125 1341
0.4405351009039706 1342
0.44094448714263995 1343
0.44099413168580087 1344
0.4415961882205873 1345
0.4416744441785415 1346
0.4417122578995337 1347
0.4419105008474021 1348
0.4420479941893548 1349
0.4423945137002557 1350
0.4430846992195692 1351
0.44309538007142385 1352
0.44329261821738 1353
0.4441062124683767 1354
0.44451832901692695 1355
0.44470754016355996 1356
0.4447801052358653 1357
0.4450668378553282 1358
0.4458634840077577 1359
0.44649577178423683 1360
0.44700869758058775 1361
0.4477743674363076 1362
0.4486362955343062 1363
0.4489882224830814 1364
0.44906713992220676 1365
0.4493079995762499 1366
0.4493751412889756 1367
0.44977704919991873 1368
0.45048252213926326 1369
0.4507960243661107 1370
0.4510151060723912 1371
0.4512979003212083 1372
0.4516783445216703 1373
0.45170279148064674 1374
0.4522358721186495 1375
0.4522959443085687 1376
0.45229930379846867 1377
0.4526955476121393 1378
0.4527084418104747 1379
0.45316771371795367 1380
0.45380504456711723 1381
0.45394621566993726 1382
0.4540620487320381 1383
0.45412298603527224 1384
0.4542282979224361 1385
0.4544954997344793 1386
0.45451809287379974 1387
0.4557217873458886 1388
0.45635535340352623 1389
0.4566994899933236 1390
0.45700974886710294 1391
0.4572776199911419 1392
0.4573836796352301 1393
0.4578415442585726 1394
0.45786496083825784 1395
0.4586334214016208 1396
0.4587845277996857 1397
0.45937484415492147 1398
0.4594306681958495 1399
0.45947466748285026 1400
0.4599133620318811 1401
0.4604126072945734 1402
0.4607352689548411 1403
0.4611115802215289 1404
0.4616758612202747 1405
0.4627613443465717 1406
0.462792401090839 1407
0.46304580483700275 1408
0.4633109189984601 1409
0.4633974215737987 1410
0.4634771987664692 1411
0.46399261986379536 1412
0.46438931131351624 1413
0.4644779212860018 1414
0.4652593813924732 1415
0.46529958264158033 1416
0.46532743547896455 1417
0.46611761082324327 1418
0.46637191666444583 1419
0.4668959624820969 1420
0.4672934722186001 1421
0.4675718510556697 1422
0.46796870239323574 1423
0.4680450057466152 1424
0.46813796659696466 1425
0.46849857549728813 1426
0.46863468353664056 1427
0.4686753338033143 1428
0.46884318857664936 1429
0.46956792666658903 1430
0.4698980800314537 1431
0.47000148116491525 1432
0.47011259483784396 1433
0.47040007129351713 1434
0.47140653375114855 1435
0.47146372375191925 1436
0.47147432912574905 1437
0.47228847562382753 1438
0.4725512813862746 1439
0.47305776769980273 1440
0.4739854223884119 1441
0.47411424782215866 1442
0.47444612651204615 1443
0.47479393569204975 1444
0.47480999148842895 1445
0.4749616329923766 1446
0.47573773232355543 1447
0.475788219921485 1448
0.4758414887575796 1449
0.4759734568724823 1450
0.4763486472268589 1451
0.47648645620319957 1452
0.476856861868332 1453
0.47729409070324497 1454
0.4775290451598223 1455
0.478106314636311 1456
0.4782184290278236 1457
0.47848285508025684 1458
0.47922030779552877 1459
0.4793734607593234 1460
0.47982639787678655 1461
0.48000331148565667 1462
0.48022437091637504 1463
0.4804223758368205 1464
0.4808104497857588 1465
0.48094723230998687 1466
0.48097023661965654 1467
0.4816562156673789 1468
0.4827355078877384 1469
0.483248800638887 1470
0.48396096444386016 1471
0.4841369177517509 1472
0.48536687902682546 1473
0.48540632139308965 1474
0.4859232448289467 1475
0.48598286184804806 1476
0.4862997729896267 1477
0.48659131316076154 1478
0.48780939563062664 1479
0.48790694648125277 1480
0.4891402229234991 1481
0.4892836069246391 1482
0.4904961934978465 1483
0.4906641029669991 1484
0.4918155374517545 1485
0.4920712352116199 1486
0.4920851303427811 1487
0.49259769016419547 1488
0.4956023199128705 1489
0.49567917734892875 1490
0.49578127690130397 1491
0.49626077848580286 1492
0.4969336998880918 1493
0.49727258893958315 1494
0.49748596708411363 1495
0.49781661822915424 1496
0.49815539388422053 1497
0.4989306089036598 1498
0.498941235879428 1499
0.4992904495375565 1500
