2.4096449763422173E-4 1
4.13481476248867E-4 2
7.214538519090259E-4 3
0.0010988067610613879 4
0.0013517492867413108 5
0.0019133570721144861 6
0.0025415597766739744 7
0.0025599715612527048 8
0.0030704830567290227 9
0.003071321385483439 10
0.003366339580197664 11
0.004456687183698072 12
0.004869335999631354 13
0.004981441780982419 14
0.005288178865897497 15
0.005845662213346479 16
0.0058916937853803475 17
0.006309670853640589 18
0.006380800188470593 19
0.006749418368164339 20
0.006992405723894754 21
0.007969856068359983 22
0.008025313274488242 23
0.008447406258360712 24
0.009030650760514845 25
0.009616130484153664 26
0.009657970353301184 27
0.00967559692344755 28
0.010103191154109847 29
0.010157362614887087 30
0.010336155136369481 31
0.010877912631875316 32
0.01099839893693749 33
0.011423761243946782 34
0.012619336646089717 35
0.012779960652533453 36
0.01323248502203067 37
0.01343074776686903 38
0.013838837889417758 39
0.01428730748121049 40
0.014953884001751131 41
0.015120547795081145 42
0.015422478224195789 43
0.015934943390225883 44
0.016711248411221513 45
0.01682077339714061 46
0.01691178273753946 47
0.01700486853215677 48
0.017050234165903455 49
0.01750462467309072 50
0.017588967128093824 51
0.017940681432441877 52
0.01848519781020037 53
0.018596854437901496 54
0.018602172756632115 55
0.01870309870343917 56
0.018738331751423254 57
0.019447170293491578 58
0.019676411893412626 59
0.019709356808428554 60
0.019742541701156743 61
0.020118874268834575 62
0.02050484833381439 63
0.021013258281180388 64
0.021197129382857553 65
0.021198952854092727 66
0.021249081749054374 67
0.02130405469079844 68
0.02187790757839464 69
0.02282832213868814 70
0.02295901451081562 71
0.023307452328554353 72
0.023910960353133063 73
0.024232833443422253 74
0.024586706579792176 75
0.024977177770095182 76
0.02511907418242481 77
0.025686752900133558 78
0.025779683496830633 79
0.026087252456017118 80
0.02623038976319137 81
0.02635032336784232 82
0.026649433807166327 83
0.026702283064693237 84
0.026762360101941777 85
0.027156655120962336 86
0.027309789430479566 87
0.027415919918541885 88
0.027566973862990167 89
0.027602148740215115 90
0.02766134108760177 91
0.027798354084834394 92
0.028384125405561286 93
0.02843011569409664 94
0.029349006361185277 95
0.02965573941682454 96
0.029667523794322248 97
0.029953478124321958 98
0.030695930461902266 99
0.030799774852421084 100
0.031098374772850934 101
0.03129885154830104 102
0.03150742432976989 103
0.031562496213170976 104
0.03166661553884403 105
0.03332971532093848 106
0.03346837531979397 107
0.03404200082653971 108
0.03418118472104899 109
0.034331598945169906 110
0.03435754985860817 111
0.03441248425614562 112
0.03471242124720543 113
0.03479022914643303 114
0.0351005703731231 115
0.03521270102112173 116
0.03694360590775592 117
0.03711122912343664 118
0.037132096533255166 119
0.03724360380655406 120
0.037418508913043824 121
0.03754624494765914 122
0.03878115931815223 123
0.038886928954700306 124
0.039302893449550576 125
0.04103803054333572 126
0.042063871249068116 127
0.04224933613848635 128
0.04281638870402403 129
0.042885156006560295 130
0.043561590518209285 131
0.04367790222307626 132
0.044259508992060985 133
0.044281401308242145 134
0.04435059068796077 135
0.04436626572370993 136
0.04571699227839621 137
0.04611659493093123 138
0.04618400682087891 139
0.046271929879081734 140
0.04648861133247001 141
0.04725514110694211 142
0.04817136139551382 143
0.048352857940764785 144
0.048360418220881315 145
0.04837790930900865 146
0.04856641674914056 147
0.048724641294409954 148
0.04971748060974573 149
0.04978596238281454 150
0.049965437452620755 151
0.05011346871686827 152
0.05019893805596666 153
0.050230883783392195 154
0.05061800902935952 155
0.05068173210886043 156
0.05144626841417217 157
0.05150763246998684 158
0.051698166420446036 159
0.05170173147498803 160
0.051885252843073465 161
0.05225323572189986 162
0.052331455993095126 163
0.052714575232174564 164
0.05321535443401713 165
0.053393772931312006 166
0.05340158806949402 167
0.05400120104470474 168
0.054426257676997186 169
0.05452761866796238 170
0.054665792487903764 171
0.05466614085919553 172
0.055003437404170366 173
0.05521093050848825 174
0.05610302314528963 175
0.05618174314408477 176
0.05717355492569426 177
0.0573981619261964 178
0.05741118264654716 179
0.05749018250781881 180
0.057591075358061135 181
0.05776854973428258 182
0.05871130708970232 183
0.05948673534833416 184
0.05948769110060977 185
0.059497990110038305 186
0.060318008269786734 187
0.060526006300686316 188
0.060984665929633294 189
0.06124961194536897 190
0.061324889288694465 191
0.061747884655916005 192
0.06193662445038284 193
0.06222442865087556 194
0.0633840499626203 195
0.06350026310311889 196
0.06360595521352387 197
0.0647473974562883 198
0.06500522857590459 199
0.06519592161566214 200
0.06572356067247977 201
0.06576211868160081 202
0.06624858039114165 203
0.06638665925266518 204
0.06642537846736155 205
0.06666442488397516 206
0.06742593158098867 207
0.06760683984583685 208
0.06773968679227461 209
0.06829213343693558 210
0.06843458769159876 211
0.06895242501182537 212
0.06953348844846233 213
0.0695449778630131 214
0.06999837025963798 215
0.07000513845572064 216
0.07040022542614204 217
0.07042979183765226 218
0.07086908008272032 219
0.07116233923590164 220
0.07118400070360299 221
0.07129117281074485 222
0.07139010874165067 223
0.07153422688457918 224
0.07183578506256325 225
0.07250820602783765 226
0.07280964521890787 227
0.07281431150870714 228
0.0733882300737938 229
0.07361221016328198 230
0.0755238371921555 231
0.075748087371116 232
0.07599227645014665 233
0.07607700962499413 234
0.07614837037605486 235
0.07720085618945798 236
0.07734604091534582 237
0.07775037868129388 238
0.07791791462821503 239
0.07844053324851426 240
0.0788031853516366 241
0.07942597189467862 242
0.07943030769872883 243
0.07990733974125985 244
0.08000993639168284 245
0.08132020268262266 246
0.08160262511106563 247
0.08170509151319393 248
0.08189375945858011 249
0.08260005947630017 250
0.08325090078401941 251
0.08354088012554124 252
0.08416585616071659 253
0.0852468366903011 254
0.08555845814148956 255
0.08581894089474534 256
0.0859649319717406 257
0.08652925544198614 258
0.08669736617591564 259
0.08671603799422124 260
0.08726165857967193 261
0.08764158641379516 262
0.08825904721627392 263
0.08848616951674924 264
0.08871398667272726 265
0.0891087411520721 266
0.08928157275840921 267
0.08958261178628378 268
0.08983074377614028 269
0.08989961516854475 270
0.0903585567047039 271
0.09130410446148064 272
0.09151259041943595 273
0.09152402972597633 274
0.0915374473361904 275
0.09215037505007025 276
0.09232966691580578 277
0.09235471681504775 278
0.09256443780478815 279
0.09302121593756682 280
0.09308055825449271 281
0.09493022149264158 282
0.09498835259287718 283
0.09546293589578567 284
0.09576638282127063 285
0.09598540572939752 286
0.09604257101364012 287
0.09628881148376787 288
0.09643739092548598 289
0.09663329415360056 290
0.09664008881113093 291
0.0966554101507769 292
0.09692696527120723 293
0.0969497314729272 294
0.09737620341847755 295
0.09762524050454165 296
0.09771923056964302 297
0.09817950392258101 298
0.09911470685793981 299
0.10004962127346845 300
0.10049191122522742 301
0.10104226754432524 302
0.1010577768079636 303
0.10153662871320839 304
0.10178660070185701 305
0.10200028687325463 306
0.10228022007609415 307
0.10275110198542346 308
0.10278846305015227 309
0.10287558678851338 310
0.10331136017904181 311
0.10404543253682624 312
0.10413155615812285 313
0.1043941341867725 314
0.10495817323407375 315
0.10514812341154806 316
0.10539934313911889 317
0.10599177869163919 318
0.10632717573481164 319
0.10642847778438998 320
0.10664468743882888 321
0.1066770602481879 322
0.10682266630506054 323
0.1072592660542524 324
0.10811965487424637 325
0.1087890326025756 326
0.10885660361195967 327
0.10901043377257978 328
0.10912447524937315 329
0.1094428870022981 330
0.11066322557127833 331
0.11070563318805028 332
0.11153115895465575 333
0.11162027857017456 334
0.11173675636123527 335
0.11183641126902413 336
0.11240168803285029 337
0.11251568957573246 338
0.1128823761264318 339
0.11343051452977347 340
0.11352911701970815 341
0.11450218291989366 342
0.11476954077263794 343
0.11492267428128314 344
0.11536643549488605 345
0.11568119290136447 346
0.1164087339705831 347
0.11644779117910434 348
0.11666123234196983 349
0.11672521740997983 350
0.11697301406381108 351
0.11718712301844411 352
0.11725473792954294 353
0.1179434426364417 354
0.11809556371017416 355
0.11810462736940175 356
0.11811739221526363 357
0.1182158940830732 358
0.11822753872396105 359
0.11828710619059905 360
0.11961938899057034 361
0.11982045025312642 362
0.12026280776295785 363
0.12125497324556568 364
0.12255934088270876 365
0.12262800905791534 366
0.12266639469829631 367
0.12300599668615761 368
0.1231068303543281 369
0.12324327782753992 370
0.12335778970620795 371
0.12358540670984397 372
0.12374310952403293 373
0.1241754233727901 374
0.12571249842530816 375
0.12599872430028816 376
0.12641839397721236 377
0.12657172245919981 378
0.12663194707758382 379
0.12723352391508477 380
0.12732805863772137 381
0.12735916320100815 382
0.1274522453964176 383
0.12758848756311586 384
0.1284581279436826 385
0.12877083948347862 386
0.12899031515001255 387
0.12919412057428342 388
0.12921659588125317 389
0.12928598898212432 390
0.12964087459359624 391
0.13061700929451225 392
0.130735804801732 393
0.13156918802957593 394
0.13174820307538557 395
0.132012912314497 396
0.13395256953320062 397
0.1348036905143896 398
0.13481890648066716 399
0.1355341262095933 400
0.13605972953632728 401
0.13637512834617774 402
0.13674174571783398 403
0.13679048148620915 404
0.13718540155691297 405
0.13779894995461847 406
0.13780352006838553 407
0.13781075823670014 408
0.1378111835249015 409
0.1385506968419239 410
0.13859358587549395 411
0.14021980234451267 412
0.14068617167614209 413
0.14073229221663777 414
0.14083067794034224 415
0.14089612311174737 416
0.14093979237857682 417
0.1412113399240817 418
0.14143467957082462 419
0.14156265842772967 420
0.1425409198530969 421
0.1429416452015008 422
0.14362071611533897 423
0.14394117761897798 424
0.14403874540754688 425
0.14403929005383362 426
0.14415338154999424 427
0.14416958708967662 428
0.14511700658767612 429
0.1452464516123871 430
0.1455412089881456 431
0.14629348824069055 432
0.14659878482604163 433
0.14685469720557798 434
0.1481278827905423 435
0.14885151702881422 436
0.14888897050360522 437
0.1492082964193837 438
0.14963227423085676 439
0.14981443316598608 440
0.1498283421879596 441
0.15001165072475645 442
0.15005082321603458 443
0.15008904387753683 444
0.15018050829062418 445
0.1503473665537652 446
0.15049609843583925 447
0.1507377989130856 448
0.15120733039437895 449
0.15206844664213423 450
0.15214611970490038 451
0.15226637133143828 452
0.1526830003270684 453
0.15273907877343057 454
0.15281745327491741 455
0.1528565174768551 456
0.1531930594995025 457
0.15354613152858068 458
0.15361657174017251 459
0.15401023388345428 460
0.1543436748816313 461
0.15438145569885536 462
0.15467813814434503 463
0.15496161589953608 464
0.15554988963897484 465
0.15639326290006808 466
0.1564832354753046 467
0.1571525465564135 468
0.1571860914334669 469
0.15719044573237673 470
0.1580779415617082 471
0.1581457201623228 472
0.15825779587396135 473
0.15878682195370164 474
0.1593819659190798 475
0.1593964558085336 476
0.16000799065772925 477
0.16047189925536898 478
0.16059723899272882 479
0.1607631847632167 480
0.16119146878615942 481
0.1614833406325854 482
0.16149668941337808 483
0.1616088450443939 484
0.1625417568759418 485
0.16349957098016699 486
0.16420189570868293 487
0.16445810640369707 488
0.1645052366022131 489
0.16520441381962944 490
0.1664177714082206 491
0.16674658364605818 492
0.1670805572945283 493
0.16708171880431802 494
0.16721479138756887 495
0.1674843830753582 496
0.16762884482801102 497
0.16777058073828618 498
0.16798449963247494 499
0.16857616062658679 500
0.1686346007793462 501
0.1691470196849034 502
0.16924642373965834 503
0.170127294309744 504
0.17015888822280764 505
0.170187313279377 506
0.17020991340676336 507
0.17023914761583378 508
0.17044403287078702 509
0.17046043330359073 510
0.17095704618645963 511
0.1714087478850598 512
0.17249115753626887 513
0.17275767371019615 514
0.17299461288675325 515
0.17307844275986403 516
0.17340527813725806 517
0.1738235137327134 518
0.17387211479276565 519
0.17467378459359448 520
0.17515526978602788 521
0.1759561509554609 522
0.17667213773289886 523
0.17680742581883765 524
0.177871696905741 525
0.17817605643734466 526
0.17824850924539987 527
0.17829528238145087 528
0.17833771612135033 529
0.17839138500647167 530
0.1784966875884856 531
0.17860360708046139 532
0.17888524755452204 533
0.17914386019684228 534
0.17979714795440022 535
0.17987935629739962 536
0.17999390588596034 537
0.18004997688074958 538
0.18026976117238722 539
0.18034555980038408 540
0.18052830537902492 541
0.18085939701336395 542
0.18107311668796122 543
0.18143125383322312 544
0.18144440251966176 545
0.1815438414071389 546
0.18155561966982742 547
0.18210960879677598 548
0.18223163659444494 549
0.1828558750881137 550
0.18295439164907729 551
0.18296635350921095 552
0.18298237969708614 553
0.18309704969690552 554
0.18347040056896047 555
0.1834904535962684 556
0.18353098264631232 557
0.18353864183290552 558
0.18444684927691857 559
0.184971188843562 560
0.1852839482612899 561
0.18535501340031246 562
0.1856104647140701 563
0.1858199323929979 564
0.18583457313709328 565
0.18670963847193353 566
0.18696331930464588 567
0.1870556181262818 568
0.18754793677803627 569
0.1877643454291393 570
0.18784651907742053 571
0.18832974033026195 572
0.18837506280527597 573
0.18875495620451735 574
0.1889146432828402 575
0.18918711910716812 576
0.18942534861210958 577
0.19001304351947074 578
0.19003059072528797 579
0.19009990814089373 580
0.1903184516732194 581
0.19032676839683849 582
0.19039473038918656 583
0.1904321397841199 584
0.19053347397879888 585
0.19064453062243533 586
0.19091955837562602 587
0.1911012187466271 588
0.1912976493516954 589
0.19147228100129998 590
0.19157621542632092 591
0.19195502746668447 592
0.19206713140897508 593
0.19256663749822858 594
0.1930369283553041 595
0.19329157746531056 596
0.19335892237978702 597
0.19344270272829303 598
0.1943434558053269 599
0.194659825044353 600
0.19509011342749313 601
0.19519889961958473 602
0.19542635956324897 603
0.19594513296627125 604
0.19606769633727655 605
0.19705151176675303 606
0.19720313235262735 607
0.19733654157178826 608
0.19749679293164502 609
0.1975506578792805 610
0.19818834756035003 611
0.19895689773697744 612
0.19909597676464866 613
0.1999892874844351 614
0.20049807433183475 615
0.20095773779260437 616
0.20117455867432454 617
0.2014551144013243 618
0.2020615300724105 619
0.20228390349553918 620
0.202338362128797 621
0.20235841236644034 622
0.2030125192505881 623
0.20309126045777048 624
0.20368363758782507 625
0.20418400596290132 626
0.204309978977697 627
0.20443831248547786 628
0.2047109738826873 629
0.20501499749200336 630
0.20517514538854134 631
0.20536826831550298 632
0.20556526955178162 633
0.2056983392765461 634
0.20605132106657076 635
0.20611749282830927 636
0.2065140036901712 637
0.2065430661745316 638
0.20688311852905805 639
0.20767591234420002 640
0.20872142005232544 641
0.20914642226693086 642
0.2091823416254057 643
0.20921556159151536 644
0.2094293208950222 645
0.2097016073668585 646
0.20980189255723936 647
0.21034176397799426 648
0.21152835310595094 649
0.21158409566541364 650
0.21168140034491617 651
0.21290876552942772 652
0.21310048327496875 653
0.21317402709230374 654
0.21321528157013211 655
0.21410753290253093 656
0.21469688168905748 657
0.215060772816192 658
0.21537009364547896 659
0.21578767890304631 660
0.2169050219155298 661
0.21711419925719133 662
0.21756982368702793 663
0.21868977433679926 664
0.21884748305521778 665
0.2189323926003441 666
0.21895823082073843 667
0.2190138994579159 668
0.2190623665294913 669
0.21961129505045465 670
0.22003710447059105 671
0.22010945997501324 672
0.2204996888261891 673
0.22210018573893647 674
0.22273151287938978 675
0.2239330262808126 676
0.22459615270238747 677
0.22498053041842284 678
0.2250022275278539 679
0.2250119402051991 680
0.22506453912939464 681
0.22634614301963052 682
0.22712777125783015 683
0.2272987802180302 684
0.22789449087722183 685
0.22791524876353955 686
0.22831607063025958 687
0.22845954398058468 688
0.22894988580956427 689
0.22930992259732982 690
0.22945111061023407 691
0.22952833904904027 692
0.22976048970565943 693
0.2302655992649415 694
0.2319682928844582 695
0.23210318599349034 696
0.23257205893982963 697
0.23278912919461986 698
0.2328907132202708 699
0.23289462625739543 700
0.2329137997139621 701
0.23296106389085816 702
0.2329921512044684 703
0.23337179496879326 704
0.2344077412360733 705
0.23447324588664173 706
0.2346567307120921 707
0.23485044417686854 708
0.23499180311362589 709
0.2363802416713426 710
0.23731087437083587 711
0.23784856806358606 712
0.23902582167681796 713
0.23956777133543913 714
0.24003319736757217 715
0.24024788707306968 716
0.24057612830670025 717
0.24068301059242067 718
0.24106639521529458 719
0.24107348135737897 720
0.24173757732076248 721
0.24215178741709847 722
0.24240912921653382 723
0.242470059953212 724
0.24432628083842173 725
0.24471069498192433 726
0.24475519099228205 727
0.2447757874213471 728
0.24525746899078735 729
0.24540361267832447 730
0.2457002871239399 731
0.24574138665022385 732
0.24597468391333646 733
0.24655323040104304 734
0.24692493781960295 735
0.24726500313583488 736
0.24743599987378323 737
0.24752522632747428 738
0.24769168574954725 739
0.24781035914681193 740
0.24860329242213153 741
0.24860689429990762 742
0.24891783598017062 743
0.2489375131689654 744
0.24905364576900854 745
0.24939891553001148 746
0.2499262381594389 747
0.25027392973947427 748
0.25057465104508997 749
0.25060758456983473 750
0.2508116768433388 751
0.25090181281815654 752
0.2509486532330653 753
0.2512126961444001 754
0.25140444868728745 755
0.25158986472213163 756
0.25170992196755837 757
0.25216334439370086 758
0.25240695294181964 759
0.2525542762410981 760
0.25434766138209564 761
0.25517830481975945 762
0.2553946159825983 763
0.2557098102885894 764
0.2560844010637728 765
0.2562083310663809 766
0.2565236207763646 767
0.256725301552588 768
0.25693834532976634 769
0.25734662453745377 770
0.25751716092350224 771
0.2583188719706235 772
0.25848109017852655 773
0.25868551463644296 774
0.25903860529947087 775
0.2591937315080462 776
0.26056034344519935 777
0.2614769556080749 778
0.262212590906885 779
0.2623236749847361 780
0.26303422420139344 781
0.2631844159858714 782
0.26327223318166537 783
0.2634663769541927 784
0.2636531466541757 785
0.2642443022310401 786
0.2646142368675878 787
0.2647812271843034 788
0.26501845204098007 789
0.26506702796345954 790
0.26626525376701266 791
0.2663465916059705 792
0.26645930726697614 793
0.26749207436397165 794
0.2675075975394409 795
0.26753173410129794 796
0.2686236843653134 797
0.2691555058232864 798
0.2691597026095084 799
0.26932882692476123 800
0.26976154216315945 801
0.26980169991863723 802
0.2698074447988043 803
0.27039243441516225 804
0.27049739330655653 805
0.27062654024294397 806
0.27084446209986834 807
0.27095077669025985 808
0.2715739474638198 809
0.2726876431532962 810
0.2732704582729077 811
0.27340201417684706 812
0.27358039056866007 813
0.27425646396171355 814
0.2757516332384046 815
0.275809069793062 816
0.2759968865826737 817
0.27651434196338226 818
0.27655483648399193 819
0.2767910196212292 820
0.276958041314175 821
0.277250833618139 822
0.2779469012700053 823
0.2779728618229973 824
0.2786739660365251 825
0.2788245904698269 826
0.27941510150999405 827
0.2795679505564158 828
0.280271140563149 829
0.2803023730094952 830
0.28043462641710226 831
0.28064554939024144 832
0.2810715033651986 833
0.2814580124369266 834
0.28175317967010904 835
0.28229584242159084 836
0.28267223898464944 837
0.28287122641833246 838
0.2830632586246313 839
0.2833478710712321 840
0.28337024100736385 841
0.2836131482291375 842
0.28406966142208046 843
0.28426741099826486 844
0.2843080281143098 845
0.2851755445948486 846
0.28564601826504127 847
0.2857081872173392 848
0.285995474673575 849
0.28695893749759654 850
0.2871505623004374 851
0.287217676178859 852
0.28749373500873876 853
0.2875819805416335 854
0.2876937539295509 855
0.2878779511942578 856
0.2879179846549901 857
0.28824369669136773 858
0.2884121800288038 859
0.28849989389155206 860
0.28864688539946076 861
0.2889108641800617 862
0.2893496660506786 863
0.2895742072088019 864
0.2904156905843026 865
0.2905916559948777 866
0.29080673641096594 867
0.29147116998644546 868
0.29156798898381975 869
0.2916064882658832 870
0.2918297135724935 871
0.2924842711123704 872
0.2925007946665313 873
0.2926810385119919 874
0.2930924690964863 875
0.2932662101775431 876
0.29333663835255197 877
0.29363008023033854 878
0.29381090756001066 879
0.2940361876207379 880
0.29422375306171855 881
0.29485382868231214 882
0.29500205021338227 883
0.29509695371751665 884
0.29530417136334935 885
0.2963810646200684 886
0.2964529498859954 887
0.29653176243643764 888
0.29656209719578824 889
0.29670111822374173 890
0.29702380601817374 891
0.2972936455282134 892
0.297701343295707 893
0.2987070524408159 894
0.29994627221045184 895
0.3010133493298336 896
0.3013842076027125 897
0.3018112983993497 898
0.3019607187938554 899
0.30196409969700294 900
0.30201485806441425 901
0.30212127175102593 902
0.302673391878783 903
0.3033783919658987 904
0.3035992982800213 905
0.3036927801543231 906
0.3037068048349671 907
0.3040151470413754 908
0.30459679696720354 909
0.305084628019421 910
0.3051027172897377 911
0.30520567518102465 912
0.3057141491191889 913
0.3064350812526315 914
0.30676714229673 915
0.30682994261168983 916
0.3070912698313272 917
0.30714856874932656 918
0.3072803259486251 919
0.30777899503727874 920
0.30786019252439883 921
0.30800553056437124 922
0.3085944491294592 923
0.30878189341483137 924
0.30980369912674655 925
0.31010991030123747 926
0.31026134906612435 927
0.3102987596512304 928
0.3110431795003043 929
0.31108861474085986 930
0.31111604031812023 931
0.311438113208696 932
0.3120100466311676 933
0.31233153574525063 934
0.3124978379429659 935
0.31418554883891575 936
0.31446491544287114 937
0.3147833326099013 938
0.31565160292119787 939
0.31604950238810253 940
0.3166098023060365 941
0.31678366817664577 942
0.3169598579538177 943
0.3174531595016188 944
0.3174616434527474 945
0.3178319765746796 946
0.318238990646719 947
0.3185523581110588 948
0.31891170142291797 949
0.3201435378773104 950
0.320790172343959 951
0.32098230260583993 952
0.321611105839284 953
0.3222521948083728 954
0.32249353226696037 955
0.32250617793150904 956
0.32329112850914915 957
0.32332434395306814 958
0.3234590108445744 959
0.32388515281092795 960
0.32391447804276735 961
0.324452527856606 962
0.32475643132419907 963
0.32518093005234483 964
0.3252274712822749 965
0.3260449359726778 966
0.32606608597439407 967
0.32636697397972886 968
0.3264249393002119 969
0.3266847459318462 970
0.32684678361799013 971
0.328034237248001 972
0.3289445054442398 973
0.329736933882938 974
0.3299626063270343 975
0.33064744077159164 976
0.3307505127334841 977
0.3309338197697723 978
0.331718706898344 979
0.3319177355005626 980
0.3324944168073428 981
0.33258984213756493 982
0.3328363425601865 983
0.33396684627028905 984
0.334066112850858 985
0.3357799955014026 986
0.3362803495689899 987
0.33628860556524576 988
0.33639694705148027 989
0.3369739693005669 990
0.33764809073937563 991
0.33814770284088935 992
0.33834045941594104 993
0.338460760533766 994
0.33885531236470745 995
0.3389107935350521 996
0.33944458760141655 997
0.33944625627895475 998
0.3395072690677471 999
0.34000899120828226 1000
0.3401129287156226 1001
0.34038748616739517 1002
0.3403882144422905 1003
0.3404207442268061 1004
0.34118955108042404 1005
0.34126163786316144 1006
0.3414076720995977 1007
0.3416540441274505 1008
0.34183635403378304 1009
0.3419129800629345 1010
0.3422800549993582 1011
0.34255526254466806 1012
0.3429600710816371 1013
0.3432102308793218 1014
0.34376194863653986 1015
0.34393081051969115 1016
0.3440237976818157 1017
0.3447188955092252 1018
0.34490853543887434 1019
0.3449791852578152 1020
0.34504681582893804 1021
0.3451085214867731 1022
0.3453872214844702 1023
0.34543984665206773 1024
0.3454993956270997 1025
0.3455830216068429 1026
0.3458738278731327 1027
0.3464123634459078 1028
0.3467191351599002 1029
0.3467633751135113 1030
0.34725619569959065 1031
0.3475791637531835 1032
0.3479931951466908 1033
0.34804412999954215 1034
0.3483760405168532 1035
0.3484167329991216 1036
0.3491293528292993 1037
0.34927547073467424 1038
0.35002116438546504 1039
0.351052448626816 1040
0.35113362957514105 1041
0.3511570135041324 1042
0.35139321110546845 1043
0.3515301456698063 1044
0.35157130034248607 1045
0.35220944532531007 1046
0.35243438330952326 1047
0.35253887048681476 1048
0.3525538931862858 1049
0.3527862820928451 1050
0.35289498205951925 1051
0.3530982768332114 1052
0.3533376442443461 1053
0.3534070390662429 1054
0.35346055080590033 1055
0.3534944753114314 1056
0.3535046341700153 1057
0.3535985072700564 1058
0.3536587036955939 1059
0.3538043910264299 1060
0.3542575666326667 1061
0.35428297860714264 1062
0.35435838761309985 1063
0.3548309793371834 1064
0.35501732035482897 1065
0.35537132665361787 1066
0.3554265133885525 1067
0.3566595372240606 1068
0.35706541038128714 1069
0.35718508507390506 1070
0.3575964596610346 1071
0.3576618083100722 1072
0.3576917014700232 1073
0.3580835629980246 1074
0.3585130003687611 1075
0.35889409778424264 1076
0.359366422458358 1077
0.35980352914966807 1078
0.36010347123703307 1079
0.36043033984112044 1080
0.3608753308714285 1081
0.361277972368794 1082
0.3614289514420803 1083
0.36202779554888126 1084
0.36211171468765674 1085
0.36296876636701497 1086
0.3634793119120097 1087
0.3638380276804085 1088
0.36456020723934174 1089
0.36471549201095754 1090
0.3647433498517582 1091
0.36474860319765434 1092
0.3648948542978525 1093
0.36491613118238064 1094
0.3652380212937911 1095
0.36536035764760944 1096
0.36578566819850655 1097
0.36580164994871084 1098
0.36595927024316743 1099
0.3661665761993976 1100
0.36648964491003455 1101
0.36714224887874713 1102
0.3679017815878406 1103
0.3684005548688726 1104
0.3687933709116699 1105
0.3692569030544623 1106
0.3696025024820936 1107
0.3696234291158147 1108
0.36994272907864134 1109
0.3700431442246345 1110
0.37031807396654126 1111
0.3704579160342975 1112
0.37063385906605334 1113
0.3712136365614342 1114
0.37159037666501704 1115
0.37162100665848685 1116
0.3737134168380134 1117
0.37420225308895133 1118
0.375238177792965 1119
0.3753103716690446 1120
0.37549705723641086 1121
0.37574368455223567 1122
0.3758337145256934 1123
0.3765497821493023 1124
0.3768663425693101 1125
0.3768979890883322 1126
0.3772604456578589 1127
0.37748279265454765 1128
0.3776410964040268 1129
0.3782377900477268 1130
0.3782878236455983 1131
0.378303358771804 1132
0.3789549872720483 1133
0.3791813567333141 1134
0.3797458661102781 1135
0.3801861548047353 1136
0.3804438506389344 1137
0.3806662531871342 1138
0.38112722667719323 1139
0.3813773865670311 1140
0.38154785849167294 1141
0.38170159593649133 1142
0.3817177722832468 1143
0.3818965595968572 1144
0.38216362837536033 1145
0.38244581778022585 1146
0.3831842389055577 1147
0.3832183135516531 1148
0.3833519153084563 1149
0.38358811194359277 1150
0.3847590821954527 1151
0.3848786222450048 1152
0.38499977643550787 1153
0.3859824999820588 1154
0.38607573123036687 1155
0.386560800953325 1156
0.3866914508734629 1157
0.3867349389427855 1158
0.38703383437030503 1159
0.38801113398081843 1160
0.38819526459399073 1161
0.3884885123974245 1162
0.38862015193903277 1163
0.38895530080912627 1164
0.3892448456452771 1165
0.39106000533222024 1166
0.391482955890905 1167
0.39164963337841824 1168
0.39166441740942143 1169
0.3916746375517894 1170
0.39207748974112183 1171
0.39224285580427126 1172
0.3925865831528413 1173
0.39285542575258486 1174
0.3930711006131877 1175
0.3933907796881109 1176
0.3934162403166012 1177
0.3938182452380587 1178
0.3945494399121117 1179
0.39458818173446947 1180
0.3952499294303871 1181
0.39572376765773154 1182
0.39573984554907066 1183
0.39601195455719074 1184
0.39610637244583463 1185
0.3962477151416527 1186
0.39680016383729416 1187
0.39727089831092105 1188
0.39756290739098166 1189
0.3978720648758536 1190
0.39821325096310717 1191
0.398520356363631 1192
0.3989329628284169 1193
0.3989463407127573 1194
0.3991802391778422 1195
0.39933775888007333 1196
0.4000250299204769 1197
0.40038100153696626 1198
0.4005943213078523 1199
0.4006489635540102 1200
0.4007454187187569 1201
0.4008678659727594 1202
0.4018006226399144 1203
0.40205981401140484 1204
0.40216282214049875 1205
0.40284126779629514 1206
0.40286745913728983 1207
0.4032487582621907 1208
0.40346988278966556 1209
0.4037035278217262 1210
0.40375035964341566 1211
0.40407828291974274 1212
0.4041760346202023 1213
0.4046605031501632 1214
0.40539230115525215 1215
0.40574600563369917 1216
0.4059653085616677 1217
0.40619497745204725 1218
0.4065041518200538 1219
0.40706551049947504 1220
0.40853007681726794 1221
0.4086185212330855 1222
0.40913573817368926 1223
0.40945541626564724 1224
0.40991396344685893 1225
0.40994474379909807 1226
0.4105147508287728 1227
0.41109731887370643 1228
0.4116500095207923 1229
0.4120414093735166 1230
0.4121613517913077 1231
0.41272030672879334 1232
0.4131098695161562 1233
0.4135906376640445 1234
0.41427580539202374 1235
0.4153517682349374 1236
0.41537403331409894 1237
0.4162501010023511 1238
0.41671960716263373 1239
0.41746296561404056 1240
0.4198337431512956 1241
0.41983757268168315 1242
0.42011217034647674 1243
0.420818565500844 1244
0.42301709748540645 1245
0.4235048517207987 1246
0.4236233276589557 1247
0.425021538591044 1248
0.42568992274572304 1249
0.4258758629102694 1250
0.42606382522188446 1251
0.42624551931994936 1252
0.42636625489821833 1253
0.42638025335369184 1254
0.4265400633920591 1255
0.42657360176685244 1256
0.4270265943956809 1257
0.42725572362173725 1258
0.4279123844192251 1259
0.4279135924089862 1260
0.42797136655779155 1261
0.4280107638541371 1262
0.4281389580026898 1263
0.42815346450653763 1264
0.42835503529994684 1265
0.4284404394142576 1266
0.4286265262546413 1267
0.42881150588729877 1268
0.42963507174819643 1269
0.43106645955055894 1270
0.43145978190305195 1271
0.43198909680134373 1272
0.43203835732774437 1273
0.432214812392313 1274
0.43226649356323404 1275
0.43231376691267515 1276
0.432355817997825 1277
0.43275354645450587 1278
0.4329146102325173 1279
0.4330333520659685 1280
0.4330605341662599 1281
0.43356959259330213 1282
0.43423912732048064 1283
0.43434167984301075 1284
0.4346421159246403 1285
0.4351365717333663 1286
0.43517328197933947 1287
0.4352527724626917 1288
0.4352836895207778 1289
0.4356052335288896 1290
0.43560813394497616 1291
0.4356390066392679 1292
0.43574959032024996 1293
0.43583383346667587 1294
0.436220408483256 1295
0.43626387591929683 1296
0.43629249167617173 1297
0.43728862017446407 1298
0.4375168488093169 1299
0.4375593160903114 1300
0.43773601593259914 1301
0.4379010460705147 1302
0.4382406777773505 1303
0.43829685783636785 1304
0.43882340152185845 1305
0.4390328841647585 1306
0.4392597470310486 1307
0.4396828752712313 1308
0.43972154669457203 1309
0.4400675568285101 1310
0.4404328094263976 1311
0.44132147369567526 1312
0.44155271008108954 1313
0.44162633188649447 1314
0.4427150107100443 1315
0.4428090752798739 1316
0.4437080326669043 1317
0.44386332571444065 1318
0.44396557150132615 1319
0.4449271420317777 1320
0.44515724428673964 1321
0.44524946883230365 1322
0.4453169317195794 1323
0.4457427502540388 1324
0.44634000964029413 1325
0.4467725987079935 1326
0.4469290983781271 1327
0.44719335175403346 1328
0.4474426475512108 1329
0.4476343449542326 1330
0.4476380673176202 1331
0.4478637817054413 1332
0.44801855370539534 1333
0.4483109504349769 1334
0.448540908596957 1335
0.44885001328514773 1336
0.44926278926235985 1337
0.4495182618334999 1338
0.44966573701039997 1339
0.4496784669965955 1340
0.4503114314407806 1341
0.4508307855435199 1342
0.45140780588243534 1343
0.45167846761026653 1344
0.452654888158456 1345
0.4530255355268488 1346
0.4533356528150181 1347
0.4534077094083907 1348
0.4536039340970915 1349
0.4544543931767833 1350
0.45447378166234514 1351
0.4546979027825637 1352
0.4547367796700113 1353
0.45474773221434567 1354
0.45526992832700836 1355
0.4556474222159437 1356
0.45580950305471335 1357
0.45594429589106605 1358
0.4565510629795519 1359
0.45673652960436595 1360
0.4571816759954784 1361
0.4573990267326728 1362
0.4574059519790954 1363
0.45794869504837865 1364
0.4583159531102151 1365
0.4586900520990823 1366
0.45881777525837775 1367
0.45903576140253727 1368
0.45932083115977246 1369
0.4594684206714667 1370
0.46000773633849784 1371
0.4600597546382989 1372
0.4609366444028338 1373
0.4615627059662723 1374
0.4619843463804059 1375
0.4625107991362291 1376
0.4636391759848184 1377
0.4639709107319478 1378
0.4643989485801894 1379
0.46466213211421 1380
0.4648978959024735 1381
0.4650103716380707 1382
0.4652100442601838 1383
0.4652249894043918 1384
0.46541355909759685 1385
0.4654144756443787 1386
0.4654242052695639 1387
0.46571052586698813 1388
0.4658548400553204 1389
0.46699718567166687 1390
0.46733392009731023 1391
0.4676848924529125 1392
0.4677066085892506 1393
0.46772687341406877 1394
0.46864652625041964 1395
0.46911881604914263 1396
0.46918302021945124 1397
0.4695681930854029 1398
0.46958113083920533 1399
0.4696090024100496 1400
0.46983157254674307 1401
0.47008186037064936 1402
0.4701828715049552 1403
0.47039002765334714 1404
0.4710578589309522 1405
0.47149965468248517 1406
0.47187558842852767 1407
0.47274633614513034 1408
0.47275396372409634 1409
0.47278798928353777 1410
0.47371874470857955 1411
0.47405145125490433 1412
0.4740985086321005 1413
0.4742388391127145 1414
0.4745758505194249 1415
0.4749063045570241 1416
0.4752675918402593 1417
0.47550013423209747 1418
0.47570114169507716 1419
0.4759319684498094 1420
0.4759645537251043 1421
0.47649622521631313 1422
0.4774260359732393 1423
0.4775275830425054 1424
0.4775925866989236 1425
0.4783187750908124 1426
0.47854049743571003 1427
0.478812360851817 1428
0.4790624129836359 1429
0.4795163894184918 1430
0.4795371673920978 1431
0.4798433602982717 1432
0.4802160001482134 1433
0.4802861110638384 1434
0.48079597070771 1435
0.48114378496105853 1436
0.48144363044506444 1437
0.48150049934913985 1438
0.4815551931855555 1439
0.4820386929927573 1440
0.48221582029480153 1441
0.4825916105590779 1442
0.4827540888375563 1443
0.4828867085835359 1444
0.4829051820085576 1445
0.4831250524480746 1446
0.4836363718195821 1447
0.4836735809338311 1448
0.48371839009191986 1449
0.4842157408363845 1450
0.4844037160935082 1451
0.48465018826755407 1452
0.4848147976308647 1453
0.4850738766126176 1454
0.4850890342071065 1455
0.4855962944164249 1456
0.4860834777515199 1457
0.48614908614936814 1458
0.4864362259743139 1459
0.4872641389047951 1460
0.4873120682956401 1461
0.48796147281891894 1462
0.4881610792966641 1463
0.4882298537574998 1464
0.48841513294639055 1465
0.48855763514407996 1466
0.48890658202567877 1467
0.4890593521016774 1468
0.48909076514563077 1469
0.48976432535211717 1470
0.48986085241803723 1471
0.48986549461774986 1472
0.49019243866469103 1473
0.4901955594919752 1474
0.4904879707115081 1475
0.4905447487022841 1476
0.4918021057449766 1477
0.49217996728795294 1478
0.4921926122804192 1479
0.4923125912510661 1480
0.4924308958895726 1481
0.49288423506205614 1482
0.4929581101043642 1483
0.49365405092068093 1484
0.49398535450620273 1485
0.4940724332441054 1486
0.4945052371744147 1487
0.49452603885042856 1488
0.4952791841577806 1489
0.49572325930853356 1490
0.49661187420553 1491
0.4966663634862402 1492
0.49803021112957285 1493
0.49818698009211987 1494
0.4987388334786329 1495
0.4992402711096332 1496
0.49976797969598274 1497
0.49982952722311585 1498
0.4999441807039829 1499
0.49997102252242326 1500
