2.0030953778699327 1
2.1015055380415437 2
2.1043666953665996 3
2.121361817161304 4
2.133775409250514 5
2.139963241422277 6
2.142670090607939 7
2.1480785360312713 8
2.1505947642968763 9
2.168022267360124 10
2.170422654277251 11
2.1736246856614865 12
2.1831332083469555 13
2.1868518134184503 14
2.194925677651255 15
2.1979258304237987 16
2.2018590262594615 17
2.2086592141050367 18
2.2097534282519997 19
2.2101099926683716 20
2.211254589935758 21
2.2122982421067134 22
2.217630289308685 23
2.2206818499162884 24
2.223719494381318 25
2.2240827822860845 26
2.2245275148228134 27
2.224904843753143 28
2.2250536200861437 29
2.2254335407415633 30
2.2290782064507026 31
2.2318578771343747 32
2.233719004043897 33
2.2337321182778336 34
2.235249791866069 35
2.235822410620461 36
2.2386481702238563 37
2.238710382935129 38
2.239595237066181 39
2.2407536069844607 40
2.24124526609781 41
2.2412738377013177 42
2.2413743971945 43
2.2415040801639208 44
2.2422270525029298 45
2.242994765198308 46
2.2437062170687687 47
2.24403424028403 48
2.2457986193753983 49
2.246503849196422 50
2.249038677589134 51
2.249318440393243 52
2.249697601057058 53
2.251792725165289 54
2.2526455361296196 55
2.253311488137965 56
2.254927924830979 57
2.256701238718299 58
2.2583334940624002 59
2.259908036695535 60
2.2606797848599887 61
2.2624998802417498 62
2.2645934802934997 63
2.265139940175241 64
2.2708984886963233 65
2.2719385362205395 66
2.272109564066997 67
2.2723601837869682 68
2.2725078958858016 69
2.2726846797634064 70
2.273498640399002 71
2.2735684675472205 72
2.2741515145570137 73
2.2764801026014627 74
2.2767568637174485 75
2.277111298069145 76
2.2780095760296737 77
2.278402227171809 78
2.2789726899899674 79
2.2820230326616637 80
2.2827499271660963 81
2.2852136229833504 82
2.2852524919313044 83
2.285308613351907 84
2.2858883588924126 85
2.2861308975171277 86
2.2864310997099375 87
2.286868876669876 88
2.2873669293456387 89
2.287407442206875 90
2.2885748499709333 91
2.2888515777834386 92
2.2907467755377455 93
2.2909905964297304 94
2.2915660364594626 95
2.292904342421678 96
2.293627634633948 97
2.294691778998273 98
2.294736607455696 99
2.2958505405554126 100
2.2980954136384897 101
2.298283850665614 102
2.2983452515532483 103
2.298432390692853 104
2.2997278693751975 105
2.30062513151139 106
2.3022979258137712 107
2.303527071973553 108
2.304851636692173 109
2.305930638103168 110
2.307570599123272 111
2.307687223827433 112
2.308297328677635 113
2.309130903695274 114
2.309568509981238 115
2.309926607058448 116
2.3100159917117002 117
2.3104453291110647 118
2.3114078546251378 119
2.3135446890194378 120
2.3142974512727226 121
2.314371226114905 122
2.3145964366380003 123
2.315013436469928 124
2.3155466895668306 125
2.3157005776540136 126
2.316229964182021 127
2.316455857012139 128
2.316568738041831 129
2.3175247544542774 130
2.3179301482196015 131
2.3183001359218003 132
2.3183055603915506 133
2.3189899944933328 134
2.320805614743042 135
2.320832849232757 136
2.3229048040424622 137
2.3245877487262776 138
2.3247671887150188 139
2.3250829958858037 140
2.3251253351917223 141
2.325397003879955 142
2.325938338259162 143
2.3266749057453042 144
2.327048927185024 145
2.3277001562311606 146
2.3280366734002467 147
2.3284625233939886 148
2.3284659629145876 149
2.328646295942468 150
2.3297446125359267 151
2.33059442583746 152
2.3312086658453186 153
2.331244566074131 154
2.332807795401796 155
2.334154846851051 156
2.3344255125688096 157
2.3360272752998292 158
2.3360415805496175 159
2.336321014964844 160
2.336813293932857 161
2.3370572613634093 162
2.337304904087462 163
2.338715843551536 164
2.3389183674082097 165
2.339491116744706 166
2.3396094261186935 167
2.340071435144716 168
2.34098900031295 169
2.341378413744831 170
2.341428008428631 171
2.342489946051694 172
2.3426564768630196 173
2.343653865513132 174
2.3437106345266794 175
2.344310233235979 176
2.3443366475557954 177
2.3448155965324498 178
2.345057817327386 179
2.345604166657902 180
2.34576130987713 181
2.345790546328452 182
2.3458524020363565 183
2.3459381942335233 184
2.346381939253867 185
2.3464922762456513 186
2.3468722370098014 187
2.347071139232239 188
2.347170870770681 189
2.3476011011621356 190
2.347658588435792 191
2.3478620950645674 192
2.348032095178175 193
2.348573122874801 194
2.349284899837027 195
2.3498158171165757 196
2.3502308878575837 197
2.3502359934114483 198
2.3507622158120354 199
2.35103063916223 200
2.3510562209174615 201
2.3514460427043935 202
2.35239744765325 203
2.352409893636193 204
2.352841685676707 205
2.354464935078309 206
2.3547613973219357 207
2.3558758789736682 208
2.356868009529663 209
2.3574421335093567 210
2.3575736449413114 211
2.3578052583661924 212
2.357826616147921 213
2.3582237701155973 214
2.35823034841225 215
2.358974822187274 216
2.3592979503162437 217
2.3596151920928654 218
2.3599883844660345 219
2.360185722855962 220
2.360971529235597 221
2.361152531643661 222
2.3613038367907633 223
2.361311311060706 224
2.3620582347129364 225
2.362152905157756 226
2.3623463148447277 227
2.362393612791032 228
2.362957859693917 229
2.3632568043535445 230
2.3632967041856694 231
2.3634174835198727 232
2.3638008916114788 233
2.3643139720632123 234
2.3645718478657027 235
2.3650515527849754 236
2.3666148423591924 237
2.3666215267634283 238
2.3671595049691914 239
2.3675055418229527 240
2.367544905947369 241
2.367594901848979 242
2.367779435884054 243
2.3681050179767698 244
2.3688232995435676 245
2.3688283756808763 246
2.3689207200665297 247
2.3697554599045705 248
2.370012206090047 249
2.3706655530403054 250
2.3719702038350863 251
2.372298214642606 252
2.372692625250161 253
2.373015421538853 254
2.373960480234185 255
2.373994867928494 256
2.374069505934404 257
2.3750837303082184 258
2.3756158325241974 259
2.375949953361962 260
2.376206518296755 261
2.3763855730770587 262
2.376513564830944 263
2.3766799301020436 264
2.3769792302870862 265
2.3770825726994405 266
2.3771537365878395 267
2.377558551966815 268
2.3786368787558243 269
2.379309618530929 270
2.3793746462673795 271
2.379870875058031 272
2.3798741057558797 273
2.380065101201394 274
2.3805148630096906 275
2.3806892046998462 276
2.3814633918163715 277
2.3818060300888506 278
2.3821921233598022 279
2.382378447163489 280
2.382626981772578 281
2.3830444231570733 282
2.3834771525250398 283
2.3836983665480287 284
2.3838413547289474 285
2.384139483844964 286
2.3842806486018415 287
2.3850815060737527 288
2.3852407331929815 289
2.3856544601413305 290
2.38601661622029 291
2.3860918568834952 292
2.386222016668663 293
2.3862475850979594 294
2.3863907626900835 295
2.3864605591507724 296
2.3864781312312715 297
2.3864957486306837 298
2.3870701413953683 299
2.3871053707154313 300
2.387301125311516 301
2.3874114584762576 302
2.387442688331525 303
2.387567689195612 304
2.3882737283229503 305
2.388292688401668 306
2.38842884311168 307
2.3886639812118733 308
2.3888008405013412 309
2.390269708872105 310
2.39040014743272 311
2.391359193571219 312
2.3915084411990613 313
2.3924023726994132 314
2.3924051657243632 315
2.3925739447371006 316
2.392940889634913 317
2.3938511775756774 318
2.3938685160653854 319
2.394034130630761 320
2.3943108301282567 321
2.394387224070262 322
2.3946653796785577 323
2.3961894664792096 324
2.3962417706457537 325
2.396360546228241 326
2.396509406314878 327
2.396610659356164 328
2.3968412680376345 329
2.397162321352184 330
2.3973236541863323 331
2.397544948533162 332
2.397839273562653 333
2.397946049243848 334
2.398496300198864 335
2.398590644553435 336
2.3986887537548474 337
2.3987886642683725 338
2.3989006537688686 339
2.3990642499469432 340
2.3994387640399535 341
2.3995591657871373 342
2.3999898468349024 343
2.400216883832367 344
2.4004248047091243 345
2.4007148726635124 346
2.400722628877326 347
2.400938948566847 348
2.401563288146325 349
2.401580729506031 350
2.4023413956258164 351
2.4023777412480167 352
2.4025305851550787 353
2.402665259668077 354
2.40319982126634 355
2.403396392641251 356
2.4034233575906057 357
2.403756547884031 358
2.4043477818953938 359
2.4045279679912963 360
2.404839144451403 361
2.404964440552924 362
2.4051286806229824 363
2.4052172989540312 364
2.405504516038575 365
2.4061101071805133 366
2.4063016457949704 367
2.406493282566671 368
2.4066109257156403 369
2.4069460098487188 370
2.407073178992064 371
2.407170196262494 372
2.407262077307176 373
2.407602032615661 374
2.407723452308522 375
2.4077525892790788 376
2.4081012973126787 377
2.408103093657902 378
2.408165321001985 379
2.4087120331086225 380
2.408748310402479 381
2.409179014633015 382
2.409384012808704 383
2.4098109899805986 384
2.410237002148367 385
2.410370166634142 386
2.411474687710129 387
2.4115621166401606 388
2.4116299914411785 389
2.4122567368649603 390
2.41242452588614 391
2.4125480146435936 392
2.412806441892637 393
2.412830933063285 394
2.4128706621491465 395
2.413323174518767 396
2.413337643853439 397
2.4134406385799476 398
2.413458996106366 399
2.4134789715004277 400
2.41388340940011 401
2.414059071598134 402
2.4146145729179054 403
2.4146956658156453 404
2.415004569183834 405
2.4157298931203233 406
2.415837923835234 407
2.4160728403810428 408
2.4161991539001146 409
2.416716907838335 410
2.4172022247985416 411
2.417778767217432 412
2.417853981210068 413
2.41830249713181 414
2.4191549630041513 415
2.419189029093944 416
2.419225322136477 417
2.4195357061042535 418
2.419601278867907 419
2.4197531898262272 420
2.4199185053807533 421
2.4200871991353536 422
2.421108434511576 423
2.421573139424904 424
2.4218344992449743 425
2.4218713826642353 426
2.4220429577490297 427
2.4220729232703757 428
2.4224660085847014 429
2.4230269618702804 430
2.4230367859956665 431
2.423139103754716 432
2.423173399016314 433
2.4233246931660934 434
2.423542273588318 435
2.4237183671768 436
2.4240881559493332 437
2.4246273646085643 438
2.425012467510995 439
2.4253644886470482 440
2.4255391920264167 441
2.4256885555226453 442
2.4257009514775754 443
2.425823123048155 444
2.4259271495749393 445
2.426871175854739 446
2.4268773835987787 447
2.4269915650705602 448
2.4270968674603397 449
2.4278261278180135 450
2.4284652048510913 451
2.428662154467257 452
2.428760920441428 453
2.4289052128704376 454
2.428966153490537 455
2.4290946063129963 456
2.429491007828669 457
2.4296826399377407 458
2.429769437481384 459
2.4299696719573833 460
2.430029336734887 461
2.4301464241626536 462
2.4302490674044352 463
2.4304600534885887 464
2.431054118534534 465
2.431310402626094 466
2.4314570663837785 467
2.431926624207704 468
2.4324357524527582 469
2.432478468880943 470
2.4329724202101626 471
2.4330416968237003 472
2.4332292208985074 473
2.4335756481303172 474
2.4340282229174255 475
2.4342260366682362 476
2.434269793210791 477
2.4345691393464066 478
2.434599997955714 479
2.434732384497282 480
2.4347750327083406 481
2.4349058755351405 482
2.434945677868882 483
2.435243369586318 484
2.4352762433910202 485
2.4353186021891817 486
2.4354658946290244 487
2.4356208573454823 488
2.435779743806097 489
2.43602726449579 490
2.436155713336127 491
2.4366921159663018 492
2.4370639754049006 493
2.4377267367533664 494
2.4383653784461945 495
2.438382308421786 496
2.4383906753518456 497
2.4388072033135857 498
2.438922042918869 499
2.439459082879263 500
2.4395527266031283 501
2.4397413010163325 502
2.4400165188134064 503
2.440057376280381 504
2.4403912897624 505
2.440553468430867 506
2.4406735202616523 507
2.4406935118556903 508
2.4409772239264975 509
2.4412007859630633 510
2.4412048749206954 511
2.4412346803829545 512
2.441388554524647 513
2.4422671604163457 514
2.4426406216038044 515
2.4427173050913353 516
2.442891615444366 517
2.4431555227896364 518
2.4432710345778337 519
2.4435088899886512 520
2.443770839330788 521
2.443850540865228 522
2.444413499728742 523
2.444947175120295 524
2.4453649830262405 525
2.445591511255653 526
2.4457152797236144 527
2.445845869534477 528
2.4461670840482173 529
2.446290892155977 530
2.4463570839264364 531
2.446482330170764 532
2.447337931242971 533
2.4475989684191193 534
2.4494979095974254 535
2.4498596417485365 536
2.449909160746924 537
2.4501570885351716 538
2.450378272842144 539
2.450411393943267 540
2.4504196168125847 541
2.4504227233567035 542
2.4504364043657163 543
2.4510874997569787 544
2.451242564088401 545
2.451324333162681 546
2.4515000651054204 547
2.4518366627566417 548
2.45228154607568 549
2.4523909486663666 550
2.452407143182001 551
2.4525690353209852 552
2.45295480441354 553
2.4533858215641957 554
2.453646552651593 555
2.4536497376075976 556
2.453776000025929 557
2.4538233923261807 558
2.453871854242629 559
2.4540699940893873 560
2.4543079007794315 561
2.4544332321617213 562
2.4544392629509426 563
2.454721269077329 564
2.4547679911466433 565
2.4553333785912397 566
2.455504073408346 567
2.455669820631948 568
2.4557153036801567 569
2.456387897331397 570
2.4564448471352063 571
2.4567326391755095 572
2.4568553411214995 573
2.457045126974522 574
2.4571251457712533 575
2.457371390067281 576
2.457685384689969 577
2.458177235937624 578
2.4583631264754464 579
2.458625147290048 580
2.459274208801872 581
2.4596815667292695 582
2.459721038666026 583
2.4597290811365187 584
2.459848315138772 585
2.4600089896370143 586
2.4603628205431916 587
2.460398037825533 588
2.4607520468013817 589
2.4608466821625794 590
2.461947146551778 591
2.462021006726281 592
2.4620278201505377 593
2.4623423457460643 594
2.4630474050616975 595
2.4634132552200825 596
2.4635936292602167 597
2.463625027250343 598
2.4637719096338397 599
2.464045323882326 600
2.4641322312639287 601
2.464150062971804 602
2.464277566425792 603
2.4645678771022843 604
2.465311224206965 605
2.4654480096610962 606
2.466115583890121 607
2.466463436846119 608
2.4665084900261713 609
2.4667034742572067 610
2.466821993224544 611
2.467111405203571 612
2.46725488312415 613
2.4674407298637067 614
2.467568237099565 615
2.467572525869219 616
2.4677114178676014 617
2.4677642289554838 618
2.467869793378743 619
2.4679578901534227 620
2.468112505529173 621
2.4682552084089693 622
2.4685125881724486 623
2.4685617714131403 624
2.468724927568231 625
2.468888624165354 626
2.4688985704745705 627
2.470194380706591 628
2.470341640189397 629
2.470343013653687 630
2.470373240293825 631
2.4705542181711104 632
2.470922702859103 633
2.4709307396554197 634
2.471037325840534 635
2.471418925112894 636
2.4714863509000713 637
2.471588865595258 638
2.4719222080310383 639
2.4725176573656924 640
2.47259126119234 641
2.472712955438068 642
2.4729799385748006 643
2.4730858432721052 644
2.473113161692576 645
2.4731734708373465 646
2.473206632672021 647
2.473310347567219 648
2.473349620290876 649
2.473483755151241 650
2.4736060461838307 651
2.4736173390877267 652
2.4737368926375742 653
2.4739768519407197 654
2.473993390975385 655
2.474183897384416 656
2.474694258627997 657
2.474698940005293 658
2.4747670485128364 659
2.4748637915864746 660
2.4755316490130266 661
2.475812606151746 662
2.4760272460811428 663
2.4760320859388476 664
2.476669493415653 665
2.4766931292173906 666
2.476768912611547 667
2.4768828611560094 668
2.4769070097850787 669
2.4771309254777805 670
2.4776819083776047 671
2.4777575159241017 672
2.477912829973185 673
2.4780440111450166 674
2.4783207604526476 675
2.478587198252133 676
2.478596113923326 677
2.4786087325438566 678
2.4789477236013377 679
2.478958481991247 680
2.4792782919367307 681
2.4794363798597723 682
2.4795977458948597 683
2.4797868394539386 684
2.479808265381367 685
2.480089622407343 686
2.48011315739696 687
2.480135911404987 688
2.4806361533238963 689
2.4807782191634167 690
2.4808982817069363 691
2.480984768327847 692
2.4814048335446683 693
2.481765430947086 694
2.482102474215322 695
2.482347807099559 696
2.4824218065974204 697
2.482692831337055 698
2.482894668086834 699
2.483362859602763 700
2.483631252013199 701
2.4836947006264483 702
2.4839563109875584 703
2.484063941403078 704
2.4845134183280506 705
2.484597298691374 706
2.4849789485861766 707
2.485195482366093 708
2.4852411097364895 709
2.4854264766950656 710
2.485484187021202 711
2.4859026184762016 712
2.486347299460449 713
2.4867163750882457 714
2.4873757593558308 715
2.487572995706989 716
2.487583167949768 717
2.487640378916153 718
2.4878683239613477 719
2.4881103540178717 720
2.488165008112135 721
2.488308840313373 722
2.4883628491095977 723
2.4886211628269495 724
2.4886571659881414 725
2.488663317935201 726
2.489045486005514 727
2.489250330086925 728
2.489351043336997 729
2.4894879778730736 730
2.489676388031264 731
2.489939688495554 732
2.490194928800333 733
2.4902051905785783 734
2.490392079833618 735
2.4910698061484107 736
2.4912146922097875 737
2.491372179043054 738
2.4915540957523508 739
2.491904541956497 740
2.4919050777472846 741
2.4919821955271586 742
2.492045124942945 743
2.4920561549127167 744
2.492066817690545 745
2.492226926914692 746
2.492268252307041 747
2.4922780227301535 748
2.492585355303059 749
2.493225667848467 750
2.493377598623589 751
2.494033576053231 752
2.4942054851192457 753
2.49433943220699 754
2.4949772379222956 755
2.4951806347855228 756
2.4957862899986982 757
2.4963374175055946 758
2.4972160171158895 759
2.4972186039027746 760
2.497244698526398 761
2.497583303264838 762
2.4976480562870376 763
2.498076014345855 764
2.49835148983199 765
2.499063660263258 766
2.4991021693164672 767
2.499266267282234 768
2.499313874141834 769
2.499352360326539 770
2.499358431546618 771
2.499389723338114 772
2.499399985274272 773
2.4994726426687044 774
2.4995643719372733 775
2.4996649783232874 776
2.499793671778302 777
2.4999434759388546 778
2.4999751836816637 779
2.4999912520238134 780
2.500333467791321 781
2.5003951266593245 782
2.5004466417690296 783
2.5007676722004057 784
2.500881255768289 785
2.500900958446031 786
2.5011630188058467 787
2.501746286494199 788
2.5017889729822786 789
2.501870297232336 790
2.5018756246669422 791
2.5020262681503462 792
2.5024497189810573 793
2.5024983114560952 794
2.5026013352614482 795
2.5029463322733574 796
2.503082130427365 797
2.5031719291028436 798
2.503183245379955 799
2.503530033923311 800
2.503538836073077 801
2.5040074466535285 802
2.5040625516913755 803
2.5048271301669147 804
2.5055139872307413 805
2.5056416730331272 806
2.5056620785249684 807
2.5056859353062695 808
2.5057276575157 809
2.5061571386938684 810
2.5062112082502033 811
2.5063436917249327 812
2.5063527934614633 813
2.5069088626271907 814
2.5074128671494647 815
2.5079336293198047 816
2.508120143074996 817
2.5084826333296983 818
2.5085579203161394 819
2.50869589041901 820
2.508761795968368 821
2.508841843482054 822
2.509017207963746 823
2.5093905493078448 824
2.5094673671082854 825
2.5095015190990546 826
2.5098780086196424 827
2.509900245912681 828
2.5100011660927324 829
2.5100852557344315 830
2.510193544154997 831
2.510235056008453 832
2.510252477543248 833
2.5108005932945074 834
2.5108421892094355 835
2.511052748269532 836
2.511217370739936 837
2.5112672877509095 838
2.511546167187145 839
2.5118598369327745 840
2.5120258129875945 841
2.512395284271495 842
2.5125932352213955 843
2.512640075197759 844
2.5129367789194395 845
2.5129759754945025 846
2.5130306591488627 847
2.5130350397276895 848
2.5130754810471228 849
2.5133141487564745 850
2.5133966303257695 851
2.5135578698378 852
2.5136754437897424 853
2.5139262358684737 854
2.5141106533625277 855
2.5147954346449577 856
2.5150524386464883 857
2.515251730503039 858
2.515499274014653 859
2.515695826971604 860
2.515831690455578 861
2.516035615209728 862
2.516276290514569 863
2.5167436035032584 864
2.516915191270813 865
2.5173444878013007 866
2.5175501530927153 867
2.517670811085559 868
2.518445042558398 869
2.5184737046026737 870
2.518734284518724 871
2.5188766024803986 872
2.5189910889969838 873
2.519028249127873 874
2.519158815688609 875
2.5194507662547068 876
2.5201529822304813 877
2.5201692473728348 878
2.5208860508589304 879
2.521009193701569 880
2.5211963015981285 881
2.5215905648365746 882
2.5216785435741724 883
2.5217144775592253 884
2.522109340101083 885
2.522128172780915 886
2.522610647891193 887
2.5227390225574284 888
2.5228988504849448 889
2.522955539996142 890
2.522982532306221 891
2.523062484030144 892
2.5232177582537467 893
2.523677036044077 894
2.5238493913882873 895
2.5239879612607297 896
2.5244564781486303 897
2.524935167150979 898
2.5253675093866947 899
2.5255510519538094 900
2.52565001291242 901
2.525912977471479 902
2.526078459253722 903
2.5262224389758314 904
2.526239138113254 905
2.526522324378783 906
2.5271618197516537 907
2.527573669613366 908
2.5276062513281063 909
2.527729491025143 910
2.527948329436874 911
2.528161790473573 912
2.52823114169488 913
2.5284103676194403 914
2.528997043122617 915
2.529048685412034 916
2.5290923229213584 917
2.5291320854131354 918
2.529211252816886 919
2.529482698527715 920
2.5295062088364975 921
2.5295182004107035 922
2.5298628878101224 923
2.529980831482938 924
2.530076720531233 925
2.5300871529190365 926
2.5306464875518877 927
2.530846917748048 928
2.53096448541934 929
2.531084442537648 930
2.5311384765181115 931
2.5312159580268556 932
2.531270367963077 933
2.531405054348619 934
2.5314765244500905 935
2.5317310482073303 936
2.5320966828337634 937
2.5322013764279787 938
2.532716975476735 939
2.5327478349364334 940
2.532921143150462 941
2.5331871032397144 942
2.533329200814856 943
2.5337855177855175 944
2.533877198493965 945
2.534173214676806 946
2.5342211316681595 947
2.53428369627205 948
2.5343867213060807 949
2.535128675138164 950
2.535299128855677 951
2.5357237573831926 952
2.5361096738310187 953
2.536217154779333 954
2.5363538649477166 955
2.5363578542086818 956
2.536566411865158 957
2.536603650976453 958
2.536649603558866 959
2.5368227506021275 960
2.5368263578413406 961
2.5369151858166803 962
2.537363466485356 963
2.5373956096974264 964
2.537787384313781 965
2.5381602799823484 966
2.538678507514936 967
2.5387518818435746 968
2.538967354004166 969
2.539256479825949 970
2.5393094646354553 971
2.5402223060227493 972
2.5404074447869887 973
2.5404469106036403 974
2.540473558855334 975
2.5405304446063397 976
2.5406679641565324 977
2.5408786912201404 978
2.541008460517874 979
2.5416814718712732 980
2.5418060778208504 981
2.5419935152216193 982
2.5421986283044866 983
2.542418230355287 984
2.542566720456139 985
2.5426095050662303 986
2.542619849460743 987
2.543037310300742 988
2.543423889594385 989
2.543603857580699 990
2.5436582259329152 991
2.543666606499532 992
2.5437646316411806 993
2.5437681425115968 994
2.543991960652722 995
2.544274645719601 996
2.544539258550727 997
2.5445923065678966 998
2.5453045689452356 999
2.545343900478016 1000
2.545444144227933 1001
2.545798134182454 1002
2.545916287408631 1003
2.5461992493242582 1004
2.546306130261952 1005
2.5463535734230573 1006
2.5465449905580773 1007
2.5469011503780936 1008
2.5470719094580816 1009
2.547196246548822 1010
2.5473648591139697 1011
2.548474680766955 1012
2.5487334855644437 1013
2.5497404674125663 1014
2.549838421340326 1015
2.550052888341331 1016
2.5502031766998536 1017
2.5504158295593053 1018
2.5505305989920615 1019
2.550682787266962 1020
2.5512684567059836 1021
2.551656575043096 1022
2.5516580546038568 1023
2.5525697350848335 1024
2.552636295102301 1025
2.5527249903951748 1026
2.5529254791797245 1027
2.5532594585006136 1028
2.553450649460677 1029
2.5538826422271184 1030
2.5539485212801623 1031
2.5539880645500674 1032
2.5540750209407657 1033
2.5541250025864874 1034
2.554126747412 1035
2.5543315938785804 1036
2.554842667193968 1037
2.5549623777926747 1038
2.5554486591189622 1039
2.5561660923308342 1040
2.556239204720616 1041
2.556681365842039 1042
2.556899241325647 1043
2.5569116810140944 1044
2.5571049144073763 1045
2.5572356235398863 1046
2.5572677608045744 1047
2.5575437905695866 1048
2.5576848097978346 1049
2.5577998997604294 1050
2.5581031521071647 1051
2.5581592423327906 1052
2.558297261336028 1053
2.558491672452738 1054
2.558878301640935 1055
2.5589894962175683 1056
2.559082777722989 1057
2.5593366986637758 1058
2.559599445861175 1059
2.5596015233855374 1060
2.5596612813898125 1061
2.559701086192303 1062
2.560376480454152 1063
2.5605806524881496 1064
2.5610759836114183 1065
2.5617478043450737 1066
2.5619247178031452 1067
2.5619580641643154 1068
2.562094814898823 1069
2.562199718577036 1070
2.5626323091200054 1071
2.562928030831636 1072
2.5630965993702217 1073
2.5641950677825145 1074
2.564199494538952 1075
2.564415977274763 1076
2.5644613310420956 1077
2.5654150908301334 1078
2.565657153279136 1079
2.5656628529187553 1080
2.5661560686067677 1081
2.5666342380533496 1082
2.5666361667617785 1083
2.5670672796034335 1084
2.5671225141741423 1085
2.5673395701817276 1086
2.5676020776003177 1087
2.56818883041679 1088
2.5682090948506944 1089
2.568291389197734 1090
2.568648154298166 1091
2.5688301377547242 1092
2.5692002582320255 1093
2.5697801546848167 1094
2.569786420314663 1095
2.5700636719147436 1096
2.570226900004935 1097
2.57057505237381 1098
2.5706423016097464 1099
2.5706754381053183 1100
2.5707234902035387 1101
2.5709103564757854 1102
2.571594033085044 1103
2.5716757198561364 1104
2.571838120430824 1105
2.572176657917304 1106
2.5724319326359115 1107
2.5727474647480464 1108
2.5730864000256135 1109
2.5732635224437237 1110
2.573349595772314 1111
2.573467556616003 1112
2.573731990130837 1113
2.574396288450822 1114
2.574656454482068 1115
2.574692709127378 1116
2.5748463309130405 1117
2.574866736241131 1118
2.5754307700339036 1119
2.5754408767426877 1120
2.5758340189919307 1121
2.577260511902015 1122
2.577655118316163 1123
2.5776820251025256 1124
2.5777347353789435 1125
2.577943143563775 1126
2.5781536616004375 1127
2.5782900742432795 1128
2.578611364176429 1129
2.5787973056203053 1130
2.5788106524679906 1131
2.5789425234608654 1132
2.5791394334339786 1133
2.579171510749108 1134
2.5792829327992295 1135
2.5794912907898713 1136
2.5799475379541827 1137
2.5799739599334526 1138
2.580292646489856 1139
2.580368577044764 1140
2.580613318526881 1141
2.5807502757544305 1142
2.580862952095626 1143
2.581197823421882 1144
2.5813996851159335 1145
2.5819872195625617 1146
2.5819953272983494 1147
2.582198960109543 1148
2.5826378900609495 1149
2.582798071672853 1150
2.582848669922541 1151
2.5832619799108167 1152
2.583361216277061 1153
2.583880699700524 1154
2.583964722967846 1155
2.5839811297761863 1156
2.5840474432993155 1157
2.5841465501897947 1158
2.5842507728875845 1159
2.585044570752839 1160
2.5852430768021244 1161
2.586149989522386 1162
2.5862243173227144 1163
2.587110133691677 1164
2.5872603095956803 1165
2.587295952157163 1166
2.587649806338813 1167
2.587716924413798 1168
2.587726239244549 1169
2.5878515423683455 1170
2.5883243238919103 1171
2.5891568491226162 1172
2.5897168828064694 1173
2.589792805022182 1174
2.5900745971624795 1175
2.590930816984347 1176
2.5910777766875097 1177
2.592201206703369 1178
2.5923452191493537 1179
2.5927203999452284 1180
2.5927238035557054 1181
2.5929731375144565 1182
2.5933432132673815 1183
2.5933877378362173 1184
2.593583431025333 1185
2.5936287685975454 1186
2.593636594573258 1187
2.5939288447744606 1188
2.5939329570060785 1189
2.5939922004017357 1190
2.5943146526059992 1191
2.5943423221700934 1192
2.59443027432337 1193
2.5944908533880864 1194
2.5950005067730846 1195
2.5950630511069925 1196
2.595102679574987 1197
2.5951890713959727 1198
2.5953524201888203 1199
2.595561096617271 1200
2.596736715818519 1201
2.5969148651264793 1202
2.5973143795387195 1203
2.59736537370703 1204
2.5974158321829854 1205
2.5974823912880645 1206
2.597738079120016 1207
2.5979441283103997 1208
2.5979595490516645 1209
2.598565364144822 1210
2.5990108420640468 1211
2.5993594668147053 1212
2.5998782084293373 1213
2.6013965348481634 1214
2.6018953898177206 1215
2.602480266561831 1216
2.603090493904143 1217
2.6031018411145284 1218
2.603202038109985 1219
2.603227884491101 1220
2.6032472014585144 1221
2.603433438143963 1222
2.6041081486819966 1223
2.6047655206342295 1224
2.6049618061414597 1225
2.6050450542268044 1226
2.6060725310007173 1227
2.606165795742349 1228
2.606362762320309 1229
2.606524220767266 1230
2.606571888847546 1231
2.6068724220748254 1232
2.6070851730504327 1233
2.607956767485922 1234
2.6093787463160023 1235
2.6099362886630644 1236
2.6101803116100175 1237
2.6102653266627147 1238
2.6112479002194564 1239
2.6115987762100707 1240
2.6122150803531454 1241
2.612232048888722 1242
2.612309516830079 1243
2.6126981952318804 1244
2.612755235295987 1245
2.6127991248463025 1246
2.613234299320532 1247
2.6133224723615083 1248
2.6137849696359434 1249
2.6138413157927802 1250
2.6141509349194907 1251
2.61444940949762 1252
2.6146027216615564 1253
2.614920585973738 1254
2.615082307424106 1255
2.6151751991852215 1256
2.61522178079332 1257
2.615271259014082 1258
2.616412523204372 1259
2.6165845435805823 1260
2.616617011591329 1261
2.6166238014385743 1262
2.6166572917707938 1263
2.6167106477138207 1264
2.617250770382818 1265
2.617251340324957 1266
2.617524393227808 1267
2.6178798384969086 1268
2.6182784065884923 1269
2.6183201752761343 1270
2.618348700015404 1271
2.6185702771174384 1272
2.6185814536021805 1273
2.6194965780369506 1274
2.6197914411745606 1275
2.619802963677528 1276
2.620164501241981 1277
2.6205776848124307 1278
2.620791345757933 1279
2.6209322018424692 1280
2.621124796879614 1281
2.6217489023088003 1282
2.622667789827303 1283
2.6229656156384973 1284
2.623233169860798 1285
2.624281871305451 1286
2.6243861614422896 1287
2.624680536234696 1288
2.6255058630735912 1289
2.6255572291482725 1290
2.626594924719152 1291
2.6269020271278376 1292
2.627737933133839 1293
2.628715674346456 1294
2.6287347107477785 1295
2.628816530004944 1296
2.6288685227523323 1297
2.630303746518922 1298
2.630530495997464 1299
2.6306494623986425 1300
2.6308544400920004 1301
2.631284034888747 1302
2.6314718163729816 1303
2.6315615391354457 1304
2.632674155686975 1305
2.6328643978716553 1306
2.6329820729379603 1307
2.6332482627072418 1308
2.6336411456257096 1309
2.6336845667854605 1310
2.6342490989856686 1311
2.63538264561128 1312
2.6355175092778325 1313
2.6355921752446982 1314
2.6357048564698915 1315
2.636087691088411 1316
2.6365519709096894 1317
2.636681367710238 1318
2.637129065637806 1319
2.637616886161464 1320
2.638032354651535 1321
2.6394852876623447 1322
2.6402643657471665 1323
2.6407061706503474 1324
2.641681863652424 1325
2.641751127221852 1326
2.6425430225739324 1327
2.6430696492095223 1328
2.6443139133764135 1329
2.6444646365842552 1330
2.6445798456441194 1331
2.644987401000116 1332
2.6469228986190796 1333
2.6473964517051094 1334
2.647662425795079 1335
2.6481718159574577 1336
2.6483523851611075 1337
2.649425835395073 1338
2.6495997933500015 1339
2.6498938123707143 1340
2.6501784094658825 1341
2.6504643797675813 1342
2.6519328013407515 1343
2.652055542640499 1344
2.6526031107142054 1345
2.652932286495295 1346
2.653369622102148 1347
2.653760263383895 1348
2.6541193211657546 1349
2.6547728630811567 1350
2.6548245217819897 1351
2.6555658087585217 1352
2.6559268728193244 1353
2.656008439742266 1354
2.656494708706402 1355
2.6568284758946903 1356
2.656956382867442 1357
2.658185054351003 1358
2.659449160520832 1359
2.659992732821737 1360
2.6600178106619703 1361
2.6605336096387617 1362
2.6606024350468025 1363
2.6621447160150558 1364
2.6625286593040682 1365
2.662746852561059 1366
2.6630483947779813 1367
2.663212890402779 1368
2.663296341725229 1369
2.6637268035073256 1370
2.6644443739430375 1371
2.664452652033205 1372
2.664573155327904 1373
2.66479325180424 1374
2.6666106062562926 1375
2.6688357248032886 1376
2.668920860779043 1377
2.6695337090205733 1378
2.6698402141357147 1379
2.6700265978539846 1380
2.6702047982275334 1381
2.6703504818925508 1382
2.671255276683875 1383
2.671308041668861 1384
2.6713138139659076 1385
2.6730394220348273 1386
2.673809716689685 1387
2.6740898147480565 1388
2.6742801683152106 1389
2.674382616504554 1390
2.6747970594540917 1391
2.674876574811439 1392
2.674919725562594 1393
2.674934402056911 1394
2.6752738284284856 1395
2.67591517431334 1396
2.676456592300117 1397
2.6768075358077916 1398
2.6768442450001064 1399
2.6773514497013733 1400
2.677491870061845 1401
2.6777943334964625 1402
2.678509720066954 1403
2.679061766231744 1404
2.6794391206673036 1405
2.679718075152311 1406
2.680696504087815 1407
2.680712622359751 1408
2.6808265124767847 1409
2.683475838410102 1410
2.6837263858935367 1411
2.6841370552327635 1412
2.6849204826651087 1413
2.6850942770503026 1414
2.685464049802752 1415
2.6858525766864716 1416
2.6861310523401243 1417
2.6861414528985774 1418
2.6861511224052625 1419
2.686623547358442 1420
2.688028083149072 1421
2.689552931169446 1422
2.690613199552275 1423
2.69177738429515 1424
2.6922404236209547 1425
2.6924395400634413 1426
2.6936425824679846 1427
2.694442735523827 1428
2.6963912863090314 1429
2.6968046690621064 1430
2.6999504222655464 1431
2.7003786693436194 1432
2.700644914238881 1433
2.702222968112605 1434
2.702513661229504 1435
2.7028118273502706 1436
2.704805311222211 1437
2.704890275305317 1438
2.7060634879800687 1439
2.706308148769901 1440
2.7066256595438474 1441
2.70703686418797 1442
2.707293071254806 1443
2.708106155993021 1444
2.7081667892510737 1445
2.708713611962762 1446
2.7087583894245246 1447
2.711228093186554 1448
2.711339578989817 1449
2.7118613256718613 1450
2.7131234973321523 1451
2.713572119656873 1452
2.7141539857264916 1453
2.71507441403312 1454
2.715224891012606 1455
2.715452056715936 1456
2.7168889690303493 1457
2.717641380006912 1458
2.7205407629864022 1459
2.722113839455699 1460
2.7230967022895602 1461
2.7235417243842837 1462
2.7249416845332863 1463
2.7258005243584535 1464
2.7313326505068423 1465
2.7326475017909377 1466
2.734491120892125 1467
2.737015366832481 1468
2.7391512873573443 1469
2.740213701724893 1470
2.7424507618220675 1471
2.7444602649095287 1472
2.744961704222023 1473
2.7459105894296028 1474
2.7466168344840662 1475
2.747195879087383 1476
2.749106558107193 1477
2.750660305584774 1478
2.7538019335201596 1479
2.757075904427778 1480
2.7578290216696946 1481
2.7596934222813903 1482
2.7638512166089635 1483
2.7642781501180487 1484
2.778159110445136 1485
2.778934933634512 1486
2.7936046825124494 1487
2.799477340556062 1488
2.8017892864510534 1489
2.8024067507319734 1490
2.821299940953419 1491
2.8218904376439595 1492
2.8238546441446335 1493
2.826188275239336 1494
2.826320690335443 1495
2.8316075484816263 1496
2.855106221576074 1497
2.8592875668464357 1498
2.8740532623266826 1499
2.912381698331706 1500
