2.4396760963600226 1
2.4553464218864374 2
2.4589948400711417 3
2.487971595684972 4
2.5083389927855904 5
2.528103942447993 6
2.537947846871167 7
2.5393695872521285 8
2.5426902535408424 9
2.5454788459599156 10
2.5534051563923366 11
2.554457157149625 12
2.562828202535439 13
2.568492107830793 14
2.5719859712499185 15
2.5773001924466166 16
2.586804922170624 17
2.5875780555892662 18
2.5918877689797983 19
2.605071618981552 20
2.60570233857464 21
2.608561434744036 22
2.6106449453897818 23
2.6124534364144547 24
2.614171168016261 25
2.614642829264218 26
2.6148583902786218 27
2.614905967735713 28
2.618196853766949 29
2.618520452168548 30
2.6205165974842806 31
2.6209278403727785 32
2.62287567051544 33
2.6327309745967877 34
2.6336541061922487 35
2.6361844953890037 36
2.6363534623544775 37
2.6364335173521942 38
2.638433837901006 39
2.6398049261279337 40
2.644929943728678 41
2.6459912573966955 42
2.6482800401131894 43
2.6495246497668195 44
2.649540242098616 45
2.6495599411420256 46
2.6520007495925797 47
2.653067908815286 48
2.6537410773251535 49
2.654449709288116 50
2.654706786459939 51
2.655332435596871 52
2.655675910345455 53
2.6557999877121 54
2.6564643338291702 55
2.657613108818781 56
2.658913804968266 57
2.6595903404668824 58
2.659936402920137 59
2.6600381693505657 60
2.6614896949789393 61
2.66293897616905 62
2.663235435470143 63
2.6633635145386587 64
2.664145271764445 65
2.6646817360116204 66
2.665141471151637 67
2.666595517508225 68
2.6666451378214573 69
2.666683828697131 70
2.669224519332512 71
2.669379432071144 72
2.6706824722359532 73
2.6721033071440123 74
2.673682352614807 75
2.674616380866184 76
2.674647325028974 77
2.67637882872649 78
2.677541035106605 79
2.6782197717407494 80
2.6809430217807453 81
2.681167383900987 82
2.6819651942720775 83
2.6823121384989665 84
2.6826896105973654 85
2.684203248914654 86
2.6848085692245434 87
2.6852221104584615 88
2.6866915255214026 89
2.6869709554626677 90
2.687175573137238 91
2.688843934001699 92
2.6889387487293406 93
2.6891903378265405 94
2.6903102992593664 95
2.6911314409980127 96
2.6915951731826198 97
2.692248550175106 98
2.6929845877241383 99
2.6934141439002737 100
2.6944254404144794 101
2.6956910452453524 102
2.6959129000758018 103
2.696116634251545 104
2.6966820146203068 105
2.6973848152831668 106
2.698221934718239 107
2.7005318468188846 108
2.7005371133493465 109
2.7013490456843714 110
2.701540410688686 111
2.70190207901762 112
2.7021937651480075 113
2.703106993555832 114
2.703540261382581 115
2.7037875740107 116
2.7041137692676225 117
2.7043050551892596 118
2.7047254734392423 119
2.705168914779401 120
2.7053390267126614 121
2.705499940095286 122
2.7055308461269068 123
2.7056336245262256 124
2.706728517849782 125
2.7071521671893244 126
2.707188017787441 127
2.7078447325314237 128
2.7081133575095886 129
2.7090897313110838 130
2.7094020830064944 131
2.7099648166559525 132
2.710971400096297 133
2.711487293188045 134
2.7118188308448223 135
2.712188981901111 136
2.712327783884648 137
2.7130848548510236 138
2.713977490246746 139
2.7141027177286574 140
2.714351944956519 141
2.7145980957863864 142
2.716005094912474 143
2.7162894581052117 144
2.7169398108098615 145
2.7185761671917787 146
2.71874992001006 147
2.719370762670287 148
2.7194554073618162 149
2.7198143082987976 150
2.7198230394850254 151
2.7201067691851333 152
2.7206906998934377 153
2.7211767621759417 154
2.7213523898307983 155
2.721692749446873 156
2.722414566285461 157
2.7226864797665855 158
2.7238281864303775 159
2.724263659636233 160
2.7244482206137812 161
2.72465013415848 162
2.725162375843949 163
2.7251778003775633 164
2.7257453582790263 165
2.725818002807289 166
2.7258200861207813 167
2.725909119675506 168
2.725936521665716 169
2.7261608148777072 170
2.727491683930532 171
2.7292140466149957 172
2.729523613480033 173
2.730056242063551 174
2.7310108806618736 175
2.7310487513058357 176
2.7313548188876684 177
2.7317200508981045 178
2.7317768585282973 179
2.7318125746233473 180
2.732323471303145 181
2.733461874318475 182
2.7339602663938782 183
2.734638428716235 184
2.73493624507164 185
2.7350537412657427 186
2.73505991748886 187
2.7355115852691383 188
2.7356495679765027 189
2.736045215741632 190
2.7361947641896283 191
2.7373204188229425 192
2.737454442824003 193
2.737704595773774 194
2.737746574372698 195
2.7379187108074445 196
2.73804949382722 197
2.7381736035139697 198
2.738360704241511 199
2.7385266021131387 200
2.740086901722731 201
2.740125665086785 202
2.740333588039649 203
2.740460686113074 204
2.7407144997056427 205
2.7408050822897834 206
2.74153190132252 207
2.741619109251543 208
2.741987097817882 209
2.741988626843476 210
2.7421283239454906 211
2.743164783217798 212
2.74360371101978 213
2.743614614568355 214
2.743819538237775 215
2.745366860611066 216
2.74598376795909 217
2.7481798202353147 218
2.749023169208938 219
2.7494797315686776 220
2.750210068194926 221
2.750763938765439 222
2.7508231542221133 223
2.751087524231306 224
2.7511137264046193 225
2.7512616870882147 226
2.751864049008768 227
2.7519601419267365 228
2.752735265389307 229
2.7530694415807484 230
2.7540315669684454 231
2.754312747536151 232
2.7543155049338175 233
2.7548083578770366 234
2.755697453726246 235
2.755900306904538 236
2.756166259286834 237
2.7570841132563277 238
2.7571022097098643 239
2.757521204692999 240
2.7576544033814487 241
2.758137852670595 242
2.758435455320234 243
2.7585561406693446 244
2.758893457099595 245
2.7589709537783484 246
2.758995075244153 247
2.759229234903095 248
2.759407733063645 249
2.7596932432264536 250
2.7600372614075956 251
2.7601009917138373 252
2.7602475482004225 253
2.76097562191087 254
2.760981411779663 255
2.7615351326320603 256
2.7620072424678166 257
2.7620103018042848 258
2.762064606102752 259
2.762667321166672 260
2.7628423518327283 261
2.7633973916872283 262
2.7635480724813144 263
2.7638687306964727 264
2.76412612724862 265
2.764504976634999 266
2.7647693291331965 267
2.765098579705472 268
2.765234845007604 269
2.765271087797374 270
2.765714077291863 271
2.766848817512957 272
2.7669819008308645 273
2.767751997625385 274
2.7677991779974858 275
2.768578096304198 276
2.768906071397352 277
2.7690971989897477 278
2.769588655819694 279
2.769789012199492 280
2.7699463368411443 281
2.7701961486382327 282
2.7702087101407393 283
2.7705709094497513 284
2.7710953862117833 285
2.771415336517294 286
2.771544227551274 287
2.7716944031880137 288
2.772387932032082 289
2.7725648712170723 290
2.773435770119751 291
2.7747467698370833 292
2.774765131816684 293
2.7753608104398504 294
2.7753969588048473 295
2.7766527821119773 296
2.7771795666556525 297
2.777439292630253 298
2.7777098538987657 299
2.777916568418255 300
2.778292170555551 301
2.7786089116967223 302
2.778994149479105 303
2.7793503177880616 304
2.7794215531426207 305
2.7794824547449135 306
2.7797543299277634 307
2.779851563513004 308
2.7800408348070147 309
2.7803801093666594 310
2.780740250359384 311
2.7807560631586403 312
2.7808826533042517 313
2.7809968176025257 314
2.78164426225327 315
2.781747181098208 316
2.782506341510356 317
2.782693277178582 318
2.7827550333631175 319
2.783318406108376 320
2.783400964392954 321
2.7838599715930585 322
2.7843101473354843 323
2.784863540634545 324
2.785256937560688 325
2.78542536826661 326
2.7859485878242385 327
2.786432979090375 328
2.786577862948409 329
2.786677416224971 330
2.7870018396281946 331
2.7870615271306454 332
2.787546485519483 333
2.7880447614378747 334
2.788358373062482 335
2.788924914107464 336
2.7891622221079158 337
2.7891839149727247 338
2.790261516719776 339
2.791716182222532 340
2.792622868358991 341
2.793061830848997 342
2.7930726798600443 343
2.7938094076333315 344
2.7940126273781054 345
2.794287717437868 346
2.79465052866537 347
2.7950974925615273 348
2.7951119214707822 349
2.7953141682183675 350
2.795390476747638 351
2.7954772849953953 352
2.796391737514427 353
2.79673999767381 354
2.7967721948402176 355
2.7969603450184306 356
2.797081068147985 357
2.797614482123752 358
2.797982712023403 359
2.7980193647351617 360
2.7981732658975305 361
2.7983675789706406 362
2.7986151033234403 363
2.798667875989209 364
2.798703399541909 365
2.798760250084568 366
2.799287436039784 367
2.7994098590966328 368
2.799466953555948 369
2.79952216751045 370
2.7995326827846387 371
2.7998928992964496 372
2.79992361069761 373
2.8004815430822925 374
2.800731418485337 375
2.800842856754653 376
2.801080273940347 377
2.8011443123656443 378
2.8013696016077945 379
2.80141445452195 380
2.801482916661539 381
2.801511063836633 382
2.80151805114722 383
2.8019774722160053 384
2.8024002187781165 385
2.8026627093219503 386
2.8032976007049513 387
2.8035927573684396 388
2.804338901533909 389
2.8044506877922646 390
2.8045295791447304 391
2.8045924464195284 392
2.8049161633211317 393
2.8050704447318764 394
2.805153635004605 395
2.8053421051782133 396
2.805431867791049 397
2.805955317590998 398
2.8062556532884435 399
2.806679907999393 400
2.8067125237400163 401
2.806826428827787 402
2.807112892861869 403
2.807288492184328 404
2.807442414847696 405
2.8076513049661633 406
2.8076811908468 407
2.807688722205086 408
2.8078685211278818 409
2.8078759036985574 410
2.8080678447560423 411
2.8085580217351773 412
2.808736383679716 413
2.808985376176115 414
2.809429416795072 415
2.810674449019345 416
2.810705561447784 417
2.8110513756914637 418
2.811054375006041 419
2.8113251757559157 420
2.8115232175372826 421
2.811602114851122 422
2.8118379807645435 423
2.811859434789605 424
2.8120083514621776 425
2.812163111035888 426
2.812274485060986 427
2.812672795004339 428
2.8127075776075303 429
2.8131431033457055 430
2.813277592712576 431
2.8139555618105394 432
2.814240410004348 433
2.8142992614030473 434
2.814469435082961 435
2.8146812903310727 436
2.814746854193352 437
2.814977426980571 438
2.815142496120978 439
2.815478830146171 440
2.8156481276316523 441
2.8157186158451313 442
2.8158732096926724 443
2.8158863317456193 444
2.8160178627561168 445
2.816568265104233 446
2.81677679844881 447
2.8170023036124605 448
2.817082061579761 449
2.81709631485163 450
2.8171525549106713 451
2.8172148167292828 452
2.8179839564871667 453
2.818085042690013 454
2.818789208700107 455
2.8194637414699293 456
2.8195827901880115 457
2.819746551942764 458
2.8197522745825228 459
2.8201234710358376 460
2.8207388567168468 461
2.820915307254051 462
2.8209372211650456 463
2.821036549607353 464
2.821161684130944 465
2.821829711241486 466
2.8218525986668053 467
2.821980451688663 468
2.8222229696706043 469
2.8223009595899713 470
2.8223291285326395 471
2.822401578153922 472
2.822730289328954 473
2.8241974542932438 474
2.824198530537016 475
2.824455022168996 476
2.824748933295348 477
2.8252182651914417 478
2.8254251848289376 479
2.825440879430832 480
2.825749926655992 481
2.826012204279995 482
2.826600244882909 483
2.826647503185395 484
2.8268487978175245 485
2.8269172037808947 486
2.826986087374811 487
2.8271770622347727 488
2.8274551701448427 489
2.8278416864795703 490
2.8281667758456455 491
2.8285488391565683 492
2.828670175157569 493
2.828772126195503 494
2.8289279694628497 495
2.82905342225846 496
2.8295650605857983 497
2.8296011329491826 498
2.829847703047346 499
2.8301563226203097 500
2.8301786670436324 501
2.8312913826445354 502
2.8315959350386852 503
2.8316212714048388 504
2.8322730236106985 505
2.8325077426467318 506
2.832785922370085 507
2.8329054144267536 508
2.833136767232707 509
2.8332233423494717 510
2.833274832369116 511
2.8333198254214156 512
2.833324787119955 513
2.8334117112648185 514
2.833687428887483 515
2.8336960952707364 516
2.8338079623429766 517
2.8339169695325994 518
2.8341099450843665 519
2.8342157452557233 520
2.834250944004171 521
2.8344353647994827 522
2.8345425858076156 523
2.834568990303724 524
2.834924409033903 525
2.835006213827844 526
2.8350614956235174 527
2.8351253379639787 528
2.835243034265675 529
2.8355992416638873 530
2.835630235635379 531
2.835888529806154 532
2.835908597716857 533
2.836242861687145 534
2.836501427272501 535
2.8366239528436608 536
2.836665156870655 537
2.836805772156761 538
2.8370249471741946 539
2.8373298741524735 540
2.8373785964757285 541
2.8374457588076596 542
2.837974047916062 543
2.838299637839922 544
2.838721123146315 545
2.839049607580826 546
2.839307834190645 547
2.839528900562943 548
2.83953794249921 549
2.839613117252372 550
2.839653625050777 551
2.8398666128134846 552
2.840302118695993 553
2.840364074338871 554
2.8404811712972036 555
2.840496498754548 556
2.8414832871167492 557
2.8415714293887397 558
2.8415805080571186 559
2.8416633789698844 560
2.841665564444125 561
2.8417521199241635 562
2.842298964174849 563
2.8423432060160474 564
2.8423737706104646 565
2.8425522800579666 566
2.842692822993039 567
2.843362397400492 568
2.8433776485451365 569
2.8434793176704005 570
2.8440120771779194 571
2.8449405990684187 572
2.8451959441392973 573
2.845243681061288 574
2.846096318006786 575
2.846554491980526 576
2.8467006972291196 577
2.8468411488931955 578
2.8469110825185258 579
2.846917748169764 580
2.847522087028166 581
2.847669965392525 582
2.8479192406459215 583
2.848035894275235 584
2.8481282070835463 585
2.8485298887900012 586
2.849045745274858 587
2.8492471909691877 588
2.849606759158154 589
2.850473600488742 590
2.8507381246644132 591
2.8512021116394877 592
2.8512043634270436 593
2.851827126935432 594
2.8519550824018776 595
2.852210409364904 596
2.852349400661687 597
2.852426080132589 598
2.852593005621358 599
2.8526365921143673 600
2.852923536443926 601
2.852989277233487 602
2.8539183587868795 603
2.853938836537629 604
2.8539610598686 605
2.8541396262789096 606
2.854386968161776 607
2.854432908611264 608
2.854534804995701 609
2.8549780892153485 610
2.8550439485656813 611
2.8551575719919993 612
2.8553297856862705 613
2.8553634427114156 614
2.8554127797338955 615
2.8558069440719547 616
2.856198140642037 617
2.8562224388665944 618
2.8563449151754647 619
2.8563546402841817 620
2.856379402407567 621
2.8566146520770075 622
2.856719162375911 623
2.8567228852961537 624
2.857356934915723 625
2.857388862519738 626
2.85775719691143 627
2.8579103382472386 628
2.8579144972193236 629
2.8579431038486383 630
2.858402127388621 631
2.858500667481233 632
2.8588993664341147 633
2.8599909586989867 634
2.8601975462237506 635
2.860251214909803 636
2.8603114047310387 637
2.8603893460412526 638
2.8605135389988914 639
2.8606293968655523 640
2.8607102630683636 641
2.8615004042400116 642
2.861863177299988 643
2.8619490241022847 644
2.86225159886822 645
2.8627113466083816 646
2.8638103303206845 647
2.864458938382431 648
2.8645184675336655 649
2.8646790039695325 650
2.8651932988817777 651
2.8652902598887064 652
2.8654013902448208 653
2.865483633088475 654
2.8656038559346224 655
2.865999508049943 656
2.8660933175093954 657
2.866369793007784 658
2.866990304725427 659
2.866990768163824 660
2.8672875651096636 661
2.867368162217234 662
2.8674712998201977 663
2.867832404773917 664
2.868159912062455 665
2.868371372709386 666
2.8685293926191693 667
2.868678383053976 668
2.869175894539963 669
2.8692745388663323 670
2.869517850029665 671
2.8708120831351915 672
2.8709186352636027 673
2.8713385281000905 674
2.8713553326926955 675
2.8713858485809123 676
2.871599881498772 677
2.8718534877155104 678
2.8719930661040385 679
2.8720518164517523 680
2.872111476499319 681
2.8727015775332356 682
2.8727546622947258 683
2.8729310293602213 684
2.873102302161942 685
2.8735187800126063 686
2.8737128664686655 687
2.8739524130813576 688
2.874177111265025 689
2.8742689983726586 690
2.874693171415358 691
2.87486298200108 692
2.8749920052515847 693
2.8750996585910307 694
2.8757095567375326 695
2.8763482005821355 696
2.876615428121233 697
2.8768994988464107 698
2.87723259906174 699
2.8775681651266782 700
2.8776561756735206 701
2.8778892230005133 702
2.8779203391468844 703
2.877960462066616 704
2.8782449573145876 705
2.878535397856309 706
2.8788656077201407 707
2.8789811233821965 708
2.879290198034331 709
2.8793568148430513 710
2.8796346589155073 711
2.8796435265248816 712
2.879767554853861 713
2.8804215762168903 714
2.880879922343651 715
2.8809155350670568 716
2.8810694752016692 717
2.881324993543292 718
2.881331740134362 719
2.8815200245056407 720
2.881949455367306 721
2.8821648979500356 722
2.8828583570436113 723
2.8830370368631786 724
2.8830520371282384 725
2.883133666541856 726
2.8834559628173855 727
2.8837140357475657 728
2.8837596040664013 729
2.8838774410339645 730
2.884165997266481 731
2.8847365405117182 732
2.8848361846347115 733
2.885071386941996 734
2.8853907638280116 735
2.885601518886454 736
2.885673728030142 737
2.885741137719945 738
2.885771047410346 739
2.885796696269695 740
2.8860432503273206 741
2.886388083382264 742
2.8865376763841013 743
2.887218441717733 744
2.8875249761209387 745
2.8876171170772453 746
2.887710336783362 747
2.8877295334022266 748
2.8877828060331128 749
2.888273612288757 750
2.8886275676949014 751
2.8887864100565324 752
2.8889091646703235 753
2.8890725909348274 754
2.8892646451069544 755
2.8893116555625915 756
2.889590169336942 757
2.889592605585846 758
2.88983774276709 759
2.889997223907084 760
2.890119643574454 761
2.890280826597107 762
2.8904057197374935 763
2.890587569427269 764
2.8906538439585012 765
2.890669557948382 766
2.890806784944966 767
2.890911447772066 768
2.8909334779510316 769
2.8910854202643477 770
2.891133765857885 771
2.891204572433064 772
2.89124941578373 773
2.8913732795335383 774
2.8914334596184017 775
2.8914585582248065 776
2.891664023750836 777
2.8916989910561526 778
2.8921936594188637 779
2.8927533198224573 780
2.8932573014786986 781
2.8934531421701357 782
2.8934950990563792 783
2.8937880588374374 784
2.8938018152078295 785
2.8941052612765623 786
2.8941733973656825 787
2.8942025611238424 788
2.8942661924665187 789
2.8944191784229214 790
2.895194160624225 791
2.895379202527504 792
2.8953965773245103 793
2.895687134002754 794
2.8964179373430685 795
2.8965043559982484 796
2.8971550722373745 797
2.897251368240092 798
2.8977998307851816 799
2.898539358843181 800
2.8985626073405397 801
2.898596495502425 802
2.8987648116533506 803
2.898901976911173 804
2.8993791034922314 805
2.899506285762078 806
2.899533699481392 807
2.899708311947316 808
2.899721130162814 809
2.899793386736489 810
2.9000992498165368 811
2.900327407934864 812
2.900362625888337 813
2.9004472473014733 814
2.9005545668001256 815
2.900720383778976 816
2.9010915507331845 817
2.9011667300885184 818
2.9013730349520213 819
2.9013954615005653 820
2.9015300200271064 821
2.9025997026206873 822
2.9031411981129445 823
2.9035426521002266 824
2.9036381994207847 825
2.9037801932937284 826
2.9038236269212168 827
2.9038395924366687 828
2.9044201213669636 829
2.904428826659436 830
2.904761634510183 831
2.9050670586049434 832
2.9052678748231235 833
2.905531657883878 834
2.9056330335622653 835
2.905689821554814 836
2.905814887422009 837
2.906227493682315 838
2.9063867619887236 839
2.9064748717601563 840
2.9068524623198395 841
2.9069048615929276 842
2.90720038259344 843
2.907562291392629 844
2.907935759669485 845
2.9081432382614993 846
2.9085081246354996 847
2.9088601487323107 848
2.9089125912174905 849
2.9089193735206065 850
2.9090721473865626 851
2.909254667516216 852
2.9092993924426422 853
2.9095075798190235 854
2.9096136452968264 855
2.9099429691630365 856
2.90998112877736 857
2.9103116360234655 858
2.9106440986975923 859
2.9107552784616555 860
2.910791089345428 861
2.9111276004174123 862
2.911438867038469 863
2.9116311144479203 864
2.9118662358018073 865
2.911958575075338 866
2.913344237377253 867
2.9133822637635958 868
2.9134284999751925 869
2.913472743719518 870
2.9134962515272846 871
2.9136100961328584 872
2.913878647656173 873
2.913946429757508 874
2.9143171661125167 875
2.9148066881696484 876
2.9150949118791365 877
2.915123624517178 878
2.9151370636722227 879
2.9154200112382815 880
2.915692286612374 881
2.9158349355484905 882
2.916117025142478 883
2.916160752338165 884
2.916331589691209 885
2.916393789213576 886
2.9170427960909873 887
2.917616760459281 888
2.9182375869509087 889
2.9185149508987664 890
2.9188782389944445 891
2.918886814365672 892
2.9189240937066385 893
2.918956610089997 894
2.91896874623154 895
2.9193408234821625 896
2.9194759450569427 897
2.919593461698457 898
2.920024225914143 899
2.9200672507900474 900
2.9201155865754345 901
2.920204742758403 902
2.92074360633898 903
2.921943373002601 904
2.922019292628337 905
2.9221446516190506 906
2.922231233381247 907
2.9227184190452413 908
2.9228923547871593 909
2.9232010248902767 910
2.9232667313753185 911
2.9237530282040414 912
2.9238306639333866 913
2.9238926132926393 914
2.924012592108643 915
2.924394826958529 916
2.924670495157856 917
2.924875497008532 918
2.9250849884284955 919
2.9251185889576696 920
2.9254588276031295 921
2.9255036678227144 922
2.9258137719475212 923
2.9261242790031337 924
2.9264439766879486 925
2.926856690492491 926
2.9271178765636403 927
2.9274245966822026 928
2.9274759559863743 929
2.9279597312943237 930
2.928028579694828 931
2.928253862110491 932
2.928299143562416 933
2.9284094963919833 934
2.928694514252478 935
2.928870563295633 936
2.929293424286251 937
2.929326913589936 938
2.9293869424244536 939
2.929447137607305 940
2.9295104004971537 941
2.930593176425378 942
2.9307065509230283 943
2.9310055443256946 944
2.9310425897400756 945
2.9313230967900368 946
2.9313638022327084 947
2.931685430061229 948
2.9321115871150534 949
2.932281089283187 950
2.9328006820484838 951
2.933047139297145 952
2.9333002418053375 953
2.933370631571111 954
2.9338961922681652 955
2.933987333145311 956
2.934489124970299 957
2.9344940887070847 958
2.9348356746111444 959
2.9349820529483814 960
2.935134279405852 961
2.935573529834354 962
2.9357784867626178 963
2.935812750428044 964
2.9359240931042803 965
2.9362623666097885 966
2.9362656535059353 967
2.9363826651553806 968
2.9364662028071193 969
2.9369435885127895 970
2.9374097956674055 971
2.9375621079691796 972
2.9376175778485476 973
2.9377851271233606 974
2.93790731747055 975
2.9379815422286764 976
2.9383399616540764 977
2.938469809819864 978
2.9387693423558856 979
2.9388661919121386 980
2.93921900752778 981
2.9392945987361707 982
2.9394733505931914 983
2.9398931936731683 984
2.940267959266327 985
2.9404093155369004 986
2.94146157040127 987
2.941825716192001 988
2.9419418886306183 989
2.942347641451495 990
2.9424146804261153 991
2.9424373724786252 992
2.9429048191329596 993
2.9431599129271877 994
2.9432279765987834 995
2.943365167573735 996
2.9441025789319517 997
2.944487107981164 998
2.9453169878570185 999
2.9454534746597676 1000
2.9455340641827665 1001
2.945694139496432 1002
2.945786458635634 1003
2.9458426668244555 1004
2.946147713613051 1005
2.946375903471202 1006
2.9463771676908364 1007
2.946519225822564 1008
2.9466557856350457 1009
2.9468583856577633 1010
2.9469786962555267 1011
2.9473263387530815 1012
2.947453175232929 1013
2.947517749551641 1014
2.9475326984272456 1015
2.9479156562259017 1016
2.94817065922315 1017
2.948230087703438 1018
2.948236968802822 1019
2.9483829942487403 1020
2.948539778549509 1021
2.9485434547969898 1022
2.948579638026935 1023
2.9487914530579356 1024
2.949080559592938 1025
2.949178531494975 1026
2.949232246885014 1027
2.949862946600084 1028
2.9499956817966333 1029
2.9500751844938526 1030
2.9502325695363187 1031
2.950335643357323 1032
2.9506304863878743 1033
2.950798639283721 1034
2.9508923694824514 1035
2.9511961552646095 1036
2.9512461205718554 1037
2.951400222034492 1038
2.951633032445619 1039
2.9516413553718475 1040
2.9523217125946504 1041
2.9526370944891376 1042
2.952742321838432 1043
2.952800903653134 1044
2.953477698110145 1045
2.953934365012373 1046
2.954305582086133 1047
2.954317271029098 1048
2.9546826630079477 1049
2.954846510765687 1050
2.9548719172418436 1051
2.954943237870366 1052
2.955259249423824 1053
2.9558570193386307 1054
2.956075372563277 1055
2.956248711319199 1056
2.956916631295706 1057
2.9572268861390874 1058
2.9575903832727874 1059
2.9576550728538304 1060
2.958765203548684 1061
2.9588091711981837 1062
2.9588093540760534 1063
2.9589956492399474 1064
2.959081927291755 1065
2.959329064437484 1066
2.9593770137626945 1067
2.960060506621882 1068
2.9605610376389717 1069
2.960638885838122 1070
2.9606901224883413 1071
2.9612045475388133 1072
2.961283586487132 1073
2.9616171714309707 1074
2.961642634883296 1075
2.962787877838413 1076
2.9628106568088817 1077
2.9631359992896664 1078
2.9636364677674893 1079
2.9636412718359804 1080
2.963727851882839 1081
2.9637627350639844 1082
2.963978888885908 1083
2.9641657539913537 1084
2.96542598934912 1085
2.96569166483083 1086
2.9661299386123203 1087
2.9663156584717894 1088
2.9672672518690004 1089
2.9673338782300656 1090
2.967640780604336 1091
2.9678003602762573 1092
2.9680069441856847 1093
2.9685771492815856 1094
2.9690379284026522 1095
2.969579844484353 1096
2.9699937640565888 1097
2.970035837499744 1098
2.9700626964376506 1099
2.970191606033793 1100
2.970271145005246 1101
2.971189518973262 1102
2.971223901470211 1103
2.9713236206626337 1104
2.9713717720906074 1105
2.97141401336935 1106
2.972207283068216 1107
2.972277545718683 1108
2.972315268032765 1109
2.972463185045036 1110
2.972632077510822 1111
2.972797260849804 1112
2.9733818418508386 1113
2.9737376828265116 1114
2.9738835327574358 1115
2.973888189191524 1116
2.9740920125616848 1117
2.9746565893652437 1118
2.9747676819512563 1119
2.975049875112966 1120
2.9752693920511613 1121
2.97591410445377 1122
2.9762341568832484 1123
2.9766708313826578 1124
2.9767902982850956 1125
2.9768671746109283 1126
2.9770273113094774 1127
2.977092812392731 1128
2.9772258555438795 1129
2.977290192862742 1130
2.978180508287015 1131
2.9788107587061576 1132
2.9789154309205284 1133
2.979223914004743 1134
2.979412848825514 1135
2.9794315868522303 1136
2.9796408007365045 1137
2.979944201843236 1138
2.9799605717475863 1139
2.9801265943734934 1140
2.9801350486910305 1141
2.9804596433857116 1142
2.9806300833716475 1143
2.9809025148312314 1144
2.9809813205578655 1145
2.9810112920347693 1146
2.981298195249837 1147
2.98143684794497 1148
2.9818076358493695 1149
2.9818770513939805 1150
2.982893050909062 1151
2.9832095401916017 1152
2.9833209006493764 1153
2.983591783451989 1154
2.9837970172946973 1155
2.9838333000106236 1156
2.9838340641189385 1157
2.984004423681823 1158
2.9841327339656916 1159
2.984702696379286 1160
2.9849130103938477 1161
2.985079427337606 1162
2.985380442684017 1163
2.9854984493166583 1164
2.9855796593310027 1165
2.985638287482825 1166
2.985961786763314 1167
2.9862473867405552 1168
2.986781734902119 1169
2.987378612718908 1170
2.9880742781456604 1171
2.9881183294668103 1172
2.988558481186889 1173
2.988674342782645 1174
2.98891977390829 1175
2.9891015428723087 1176
2.9897520316452573 1177
2.9897755793769436 1178
2.9898569329952087 1179
2.989975871083402 1180
2.9900460689257105 1181
2.990541073558467 1182
2.9906492134224347 1183
2.99120281481748 1184
2.9914601424593137 1185
2.9920361135790734 1186
2.992224060391967 1187
2.9923028820576354 1188
2.9924787420295504 1189
2.993296052041302 1190
2.9934402595942546 1191
2.993647247500842 1192
2.994643211597553 1193
2.9953454194695373 1194
2.9956616101932423 1195
2.996008291921733 1196
2.9962508000321715 1197
2.9972511160549318 1198
2.997300366539289 1199
2.997422570254763 1200
2.997655019724528 1201
2.998027767728329 1202
2.998151727029272 1203
2.9984495815692758 1204
2.998577490866433 1205
2.9986182968031225 1206
2.9986820084651673 1207
2.9997083153970125 1208
3.000176530752883 1209
3.0003671865440706 1210
3.0005232127742385 1211
3.0008179098865595 1212
3.0010351596591884 1213
3.0027206047150807 1214
3.003161104192661 1215
3.003269783121018 1216
3.003436987991868 1217
3.0036601235188503 1218
3.0042641331708957 1219
3.0043491814717345 1220
3.004528767487868 1221
3.004579696411749 1222
3.004581789484153 1223
3.0047698447299243 1224
3.0054430807513945 1225
3.005471794760913 1226
3.00549095409372 1227
3.005606501210543 1228
3.0056501273836984 1229
3.006264657425556 1230
3.0066257122537605 1231
3.0069563578828595 1232
3.0070803124977035 1233
3.007355192305827 1234
3.0076996160643086 1235
3.0077867578448214 1236
3.0078536763596926 1237
3.0081486798315296 1238
3.008520639632467 1239
3.0086178092098392 1240
3.0091321345186772 1241
3.0095199939572965 1242
3.010175980032996 1243
3.0102391229460914 1244
3.0104889987859296 1245
3.0105663943365557 1246
3.011250386498019 1247
3.011836189372511 1248
3.012305480968411 1249
3.0128793795818107 1250
3.0128870245596104 1251
3.013002058463258 1252
3.013179901020936 1253
3.013899332020614 1254
3.0141019836219014 1255
3.0147061436819156 1256
3.014779836697348 1257
3.014921688748613 1258
3.0149651778093407 1259
3.0149727301161766 1260
3.0151391589208756 1261
3.015783063630049 1262
3.0158188108636454 1263
3.016044363804304 1264
3.016061035615566 1265
3.0165188235195943 1266
3.0167147985898164 1267
3.0171820028897454 1268
3.0172144583797005 1269
3.017463490778706 1270
3.017469120714222 1271
3.0178517838471404 1272
3.018629412142555 1273
3.0191152454474164 1274
3.020197308946343 1275
3.0204154068511766 1276
3.0204193353438846 1277
3.0207783270812985 1278
3.0209271820571253 1279
3.0210642309500884 1280
3.021433839378251 1281
3.021479266068629 1282
3.0214918785641607 1283
3.0215572531718053 1284
3.0225130700715397 1285
3.0225467429910102 1286
3.0233962322306915 1287
3.023800864940164 1288
3.0238093782150326 1289
3.023896201700783 1290
3.0242135513708788 1291
3.02442903280864 1292
3.024705225516021 1293
3.024731970125226 1294
3.0260065316991107 1295
3.0260530868556996 1296
3.0263109213753645 1297
3.0267087167803193 1298
3.0267805828585224 1299
3.028361826463252 1300
3.0283821413134437 1301
3.0288413116743667 1302
3.0289272585989093 1303
3.028993282049666 1304
3.0296278967233974 1305
3.029940689838269 1306
3.0299473117314535 1307
3.0310437257238476 1308
3.031083579889533 1309
3.031336319467836 1310
3.031439788682921 1311
3.031516058924909 1312
3.031531257940491 1313
3.0316283806761297 1314
3.0316352419273427 1315
3.0316421298317984 1316
3.0317273632133395 1317
3.0317965185943585 1318
3.0319937653235662 1319
3.032208336870496 1320
3.0322788760139643 1321
3.032525069646944 1322
3.0330132161437233 1323
3.0330449110124915 1324
3.033193985125577 1325
3.033655619210054 1326
3.033762520112177 1327
3.0342340346129792 1328
3.0343994513866326 1329
3.0368585624900812 1330
3.037049156969939 1331
3.0371084733645066 1332
3.037373651770588 1333
3.0374614439811003 1334
3.037763574915398 1335
3.0392442691148482 1336
3.0394571458581074 1337
3.0395354420353997 1338
3.039657252731359 1339
3.039836407084524 1340
3.040531728945578 1341
3.0413916353432264 1342
3.0414042884903645 1343
3.0414884401058853 1344
3.0417571451503447 1345
3.0418504597529363 1346
3.0424229799760893 1347
3.0428207343674054 1348
3.0432395406157737 1349
3.0432511065266317 1350
3.043338360573957 1351
3.0437103764588693 1352
3.0437605026205383 1353
3.0445634948653075 1354
3.044813423095716 1355
3.044919647188547 1356
3.0454526671994997 1357
3.0457127453923367 1358
3.0457925928143443 1359
3.047971431339186 1360
3.048562892815783 1361
3.0488743476813527 1362
3.04890913388669 1363
3.050664541450529 1364
3.0508063619580637 1365
3.0515565131346465 1366
3.05180101683077 1367
3.0523827502019696 1368
3.0547539600558817 1369
3.054924395628416 1370
3.0559813696582907 1371
3.056134413788052 1372
3.0562957411029004 1373
3.057591700528388 1374
3.0581955304589066 1375
3.0584572890729227 1376
3.058463610937382 1377
3.05857077116959 1378
3.0587606202660393 1379
3.058991890441121 1380
3.060680112790684 1381
3.0608321643204244 1382
3.0617743596669036 1383
3.0618493831060456 1384
3.0631762208219846 1385
3.064214348796803 1386
3.064449985820561 1387
3.0659197271920915 1388
3.0661784453636542 1389
3.066322670059657 1390
3.0667640149374344 1391
3.0667906634429367 1392
3.0668643243231752 1393
3.067353445530728 1394
3.0673935037027733 1395
3.0688367089885364 1396
3.0691512761403446 1397
3.0693769980396004 1398
3.070921307900785 1399
3.0712957129768235 1400
3.071937054301871 1401
3.074596009360153 1402
3.0747278732028525 1403
3.0765170785529405 1404
3.0768247889722007 1405
3.0776515277467413 1406
3.077703109858406 1407
3.0778847730030665 1408
3.077966092911523 1409
3.0796975828659097 1410
3.0798583773575747 1411
3.080270706600278 1412
3.0821383883918494 1413
3.0825888451167995 1414
3.0839117119221924 1415
3.0840734821676437 1416
3.0858967549298124 1417
3.087835612135879 1418
3.0886298415781455 1419
3.0900566772568276 1420
3.090452500463857 1421
3.0911866722078796 1422
3.093450195520976 1423
3.0937232430087938 1424
3.0944076080053233 1425
3.09556887269716 1426
3.096354575085819 1427
3.096610617137086 1428
3.0973217212690285 1429
3.0978764426665757 1430
3.0983817274745267 1431
3.098678246293659 1432
3.099210766686868 1433
3.099993912042398 1434
3.1005891643074963 1435
3.1029062961853904 1436
3.104664662128152 1437
3.1054589657472143 1438
3.1058258199808404 1439
3.106115693765825 1440
3.109234399222718 1441
3.1094234087329773 1442
3.109652175537868 1443
3.109951408921355 1444
3.111859138396328 1445
3.113399056026545 1446
3.1165091134477647 1447
3.1173225421484223 1448
3.1174421334319913 1449
3.122738685770759 1450
3.122923443040735 1451
3.1233274816677943 1452
3.123708194684346 1453
3.124501959357968 1454
3.127091232238379 1455
3.1284936346917567 1456
3.1287647218566135 1457
3.1325880975330986 1458
3.1350122374986156 1459
3.1360143410404215 1460
3.136491496829624 1461
3.137584741480894 1462
3.138970814186009 1463
3.142090737596088 1464
3.14346235094046 1465
3.145046130419539 1466
3.1482218466090197 1467
3.149218948468801 1468
3.1508359096737846 1469
3.1510178357249856 1470
3.151234902931428 1471
3.154138376794421 1472
3.1584705163930487 1473
3.158981534709645 1474
3.1593368680975926 1475
3.1671114647469736 1476
3.1674606606776585 1477
3.1680090787110893 1478
3.169097297188118 1479
3.1694367135971997 1480
3.1721304989066677 1481
3.1760143502246225 1482
3.1774359863756203 1483
3.1805863767046163 1484
3.1808270017148796 1485
3.183577184863779 1486
3.1862024387742895 1487
3.1886854219394634 1488
3.1887319870804096 1489
3.191341310038181 1490
3.198412468016775 1491
3.199272292023814 1492
3.2023454250166887 1493
3.215487464855347 1494
3.2182944384146954 1495
3.242045236905863 1496
3.242676822430645 1497
3.2525199905078237 1498
3.315228959045948 1499
3.32437290738693 1500
