1.5984219911524338 1
1.6118069064250484 2
1.618521061688498 3
1.635950652900233 4
1.640558263916653 5
1.6438013248555163 6
1.657218537047941 7
1.6638178758996878 8
1.6665689476055385 9
1.680670860839863 10
1.6840760728007211 11
1.6842862398860217 12
1.6857058895599508 13
1.6904996248838866 14
1.7029394215472626 15
1.7076768891081664 16
1.7153264688841223 17
1.71953771531092 18
1.7223559784126408 19
1.723221638560394 20
1.7255595256825027 21
1.7329360820152373 22
1.7349558509730845 23
1.7394995612797242 24
1.742441966241142 25
1.7428786986845914 26
1.7429883052877313 27
1.7497153892289132 28
1.7525378640068625 29
1.7526633641300586 30
1.7565120301360644 31
1.757145749027515 32
1.7582607272435475 33
1.7590875914725506 34
1.7605150202369593 35
1.7628786293544285 36
1.768415622745323 37
1.7730547576981852 38
1.7741022870825764 39
1.7743955107065588 40
1.777186964189197 41
1.7794441411557995 42
1.7806154700253878 43
1.7831870824953675 44
1.784892762997182 45
1.7874443408704879 46
1.7906954346354074 47
1.7911992334931917 48
1.7919831737503866 49
1.7926727938071376 50
1.7931635638515453 51
1.7934858304368422 52
1.794567827292195 53
1.795857996945067 54
1.7964690468727544 55
1.7974525253383742 56
1.7995887915218391 57
1.8001564928948184 58
1.8021507357767723 59
1.8032594780783253 60
1.8037631341346576 61
1.8041294641610608 62
1.804181382640003 63
1.8086665579802723 64
1.8097563357294213 65
1.8104847760123852 66
1.811030328607199 67
1.8113061954313905 68
1.811385152027082 69
1.811658283985466 70
1.8131533241220377 71
1.8140006466574063 72
1.8153106573492792 73
1.8153846079052958 74
1.815605022891916 75
1.816822101433015 76
1.8182802234311832 77
1.8184121751223716 78
1.8185236300839742 79
1.8191724147310697 80
1.8195194023949406 81
1.8220818123807077 82
1.8226741645453999 83
1.824335019757099 84
1.8243486033927934 85
1.8247317247233767 86
1.8253905479393795 87
1.8262911495425957 88
1.827825749633015 89
1.8280835278203815 90
1.8299938713461892 91
1.8301728012801748 92
1.830555208984724 93
1.8307426211143343 94
1.8310151036013818 95
1.8327679744123688 96
1.834779170542827 97
1.8351413177671807 98
1.835175602466959 99
1.8359308107439694 100
1.837587092844458 101
1.8381416719302879 102
1.838681954514977 103
1.8391226462105925 104
1.8396619851839215 105
1.8406954980354386 106
1.8409924356129237 107
1.8419603626844474 108
1.8427888617941564 109
1.8434666589367885 110
1.844237784043896 111
1.8444038508348781 112
1.8456930109036889 113
1.8457655979733403 114
1.847385598954011 115
1.8473918525222717 116
1.8478838178244543 117
1.8490166422428145 118
1.8495083718590097 119
1.8497802952414715 120
1.850056747027106 121
1.8501197834104177 122
1.8504612514121481 123
1.8508765703832901 124
1.8510232644498472 125
1.852656058148326 126
1.8536715526159906 127
1.8546714886745321 128
1.8550770377273762 129
1.8551778855944185 130
1.8553090866522173 131
1.855633631056993 132
1.857524121803549 133
1.857535649157207 134
1.8576276709313446 135
1.8576500215309693 136
1.85809667867296 137
1.8591171233762873 138
1.8617204119604467 139
1.862665225261681 140
1.8631397009526698 141
1.8641950941789516 142
1.8642219899869816 143
1.865094318081471 144
1.8659255830693144 145
1.8663379768887671 146
1.8663790722889977 147
1.866600442373371 148
1.8674489869033537 149
1.8676542002404983 150
1.869826208859905 151
1.8704003169002799 152
1.8705619078160147 153
1.8717358342236161 154
1.872328656981687 155
1.8723880474600827 156
1.8725477027665987 157
1.8726528650313103 158
1.872864680815606 159
1.8731180536648937 160
1.873136741438142 161
1.873456755904443 162
1.873513288846138 163
1.8738385746084454 164
1.8745807817134859 165
1.8746560168668809 166
1.8751419204077238 167
1.8751491682032282 168
1.8751882251253047 169
1.8752172861817837 170
1.8752192983335294 171
1.8754653491525546 172
1.8760382532088435 173
1.8763710251567454 174
1.8770923811177191 175
1.8778775175956663 176
1.8798160982690406 177
1.8807869448426624 178
1.8808118553929767 179
1.881929064218847 180
1.8821540368241392 181
1.882520681257275 182
1.8826867467582813 183
1.8827051746541426 184
1.8830214045726843 185
1.8834797668183598 186
1.8835987476303444 187
1.8841920072036358 188
1.8849104867150166 189
1.8849477960082857 190
1.8853886821819652 191
1.885703861629273 192
1.8863405555116917 193
1.8867936318009282 194
1.888985822975638 195
1.8894076156624087 196
1.8896749952495573 197
1.8898035919570704 198
1.890006957786481 199
1.8902379818708994 200
1.8914118498825256 201
1.892010885172301 202
1.892023418170993 203
1.8924869468995185 204
1.89272107659671 205
1.892898827167207 206
1.893175171107681 207
1.8931752770742727 208
1.893391491941787 209
1.8937798421971346 210
1.893895364878507 211
1.8942344938317566 212
1.8957417167798998 213
1.8969545301120796 214
1.897515138256589 215
1.8978566452966013 216
1.8978644092788535 217
1.8988468826300442 218
1.899061253836282 219
1.899225901432886 220
1.8994749731651672 221
1.8995231805646176 222
1.899555689154254 223
1.8997225909426467 224
1.8998036279184407 225
1.9002070538770994 226
1.900819977441591 227
1.9008435316242809 228
1.900860707427474 229
1.900982428463174 230
1.901132525161657 231
1.9014420458309662 232
1.9021918253819374 233
1.9023852044718879 234
1.9025927076212117 235
1.9034364818512008 236
1.9042488697745796 237
1.9045400765179947 238
1.9047870954406096 239
1.9051800516064392 240
1.9051840861731537 241
1.905730823694928 242
1.9060730599270508 243
1.9062479208244532 244
1.9063280394101294 245
1.906666065496358 246
1.9068313749347354 247
1.9068619023789892 248
1.9073675420405356 249
1.9079019598079432 250
1.9079394170485238 251
1.9080455453337086 252
1.908152687821057 253
1.9085501514620038 254
1.9088790150764985 255
1.90899574896813 256
1.9099512426047789 257
1.9101906016598729 258
1.910311450554632 259
1.9104328526333898 260
1.910607991974007 261
1.9106805578746011 262
1.9120647228241892 263
1.9128548686857416 264
1.9129819493785067 265
1.9133920742749162 266
1.9134457930314441 267
1.9135531141556121 268
1.9137485755376744 269
1.9141767918071657 270
1.9142626675494299 271
1.914353354381498 272
1.9157379459821462 273
1.9157763734007371 274
1.915860469609389 275
1.9164139661630908 276
1.9167378996848266 277
1.916748575276025 278
1.9169323855622118 279
1.9169621819424347 280
1.9170130764992863 281
1.9172022891439198 282
1.9172268884016694 283
1.917269269919075 284
1.9173503899076172 285
1.917614537907164 286
1.9180625835767633 287
1.9180703351189898 288
1.918741980630269 289
1.9187850206866353 290
1.9191892049219788 291
1.9192611674942734 292
1.9194314527023353 293
1.919970212519935 294
1.9200529549190528 295
1.9208252683698275 296
1.9210170785211513 297
1.9215586048579028 298
1.9219622535672847 299
1.922005565940246 300
1.922283513986058 301
1.9225031567329083 302
1.92259103446666 303
1.9227092123578027 304
1.9227628916232693 305
1.9228533566323829 306
1.922889837196284 307
1.9233125667086914 308
1.9233426651825307 309
1.9240660765838056 310
1.9243788673108408 311
1.92523661156853 312
1.9258872077310283 313
1.925955705385312 314
1.9263430262083558 315
1.9265657132222316 316
1.9271113661573231 317
1.9271697388809321 318
1.9290436322217102 319
1.9292016437991064 320
1.929334649071272 321
1.9293505826568345 322
1.929381895443603 323
1.9298680544544893 324
1.9325723329747142 325
1.932621986770055 326
1.9335745404123026 327
1.9339584955585039 328
1.9341948149226433 329
1.9343227013874567 330
1.9345090585354285 331
1.9347099718965126 332
1.9350123212970238 333
1.9350538786142046 334
1.935054456415749 335
1.9353024068216487 336
1.9355051856856846 337
1.9356375321224744 338
1.9359164263141508 339
1.9359408970877567 340
1.9362449973368538 341
1.9366886354559036 342
1.9368202477228684 343
1.936828226503729 344
1.9369131591100404 345
1.9371574034741612 346
1.9372434161083216 347
1.9376827117745248 348
1.9377293566847318 349
1.9379541331721677 350
1.9379749001233435 351
1.9379892298404038 352
1.9380820754807422 353
1.9381589652372697 354
1.938234444685712 355
1.9394069767687592 356
1.9394824548353002 357
1.940203941511618 358
1.940309146519755 359
1.9405583682444782 360
1.9406380019822345 361
1.9406648544356877 362
1.9407031553689076 363
1.9407214635755528 364
1.9410691448483022 365
1.9416659626677788 366
1.9418017544013422 367
1.9423835422717495 368
1.942654033604043 369
1.9427478632305004 370
1.9431930551395755 371
1.943440169243544 372
1.943583575733473 373
1.9438792129284075 374
1.9439835401245882 375
1.9443225843676257 376
1.9443304957285639 377
1.9444291441805104 378
1.945398164677263 379
1.9454547123305643 380
1.945866944592416 381
1.9463464884003643 382
1.9464398801913907 383
1.9465658565517512 384
1.9469949720592354 385
1.9471261258239927 386
1.9487955057791193 387
1.9489846779591653 388
1.9490626606704196 389
1.9496696873160373 390
1.9511077540699788 391
1.9511174811761554 392
1.9512607644832296 393
1.9512949711358272 394
1.95130386099012 395
1.9514091610309725 396
1.951711625501835 397
1.951858429317392 398
1.9518851627380154 399
1.9520227399170398 400
1.952197074496057 401
1.9523952553899617 402
1.9524120593268597 403
1.9525831903602096 404
1.9526518840399547 405
1.9532808730123252 406
1.9540885589784327 407
1.9541056818110947 408
1.9543900096715494 409
1.9544954548423732 410
1.9545877353949932 411
1.955042641903295 412
1.9556253497413065 413
1.9563235918930528 414
1.9563487332787348 415
1.956445314333568 416
1.9570525504923446 417
1.9578589660366557 418
1.9579153776236022 419
1.9579906292769245 420
1.958680220773882 421
1.9590143606432737 422
1.9592871280872555 423
1.9595298139036943 424
1.9602079377882444 425
1.9603557898162807 426
1.960544979424668 427
1.9620350108321638 428
1.9622205117908575 429
1.9624210128098325 430
1.962857022108402 431
1.963974080141269 432
1.9641053825274422 433
1.9655901566104776 434
1.9657807975890325 435
1.966063707142523 436
1.9662735886949272 437
1.9671578501941127 438
1.9673670933680771 439
1.9675300676633007 440
1.9677546388555747 441
1.967837653582957 442
1.9680309236258546 443
1.968657575479566 444
1.9690964959338506 445
1.9698965231119117 446
1.9699208862815625 447
1.9701247195263205 448
1.9701574848082635 449
1.9709826630163656 450
1.9715800168954742 451
1.9718460038702241 452
1.9719063987776113 453
1.972210892104818 454
1.9725552889936797 455
1.973000279741327 456
1.97322552260453 457
1.9739967814349522 458
1.9741831861095105 459
1.9741870914859014 460
1.9745427429000195 461
1.9749905898023612 462
1.9750351587144876 463
1.9761253138183634 464
1.9764521382363172 465
1.9765804926534127 466
1.9766134714396495 467
1.976638101091047 468
1.9767056393779903 469
1.9775663481657004 470
1.9776381013023112 471
1.9777785725020725 472
1.977840424063805 473
1.9780243787366947 474
1.978176467830729 475
1.9784320164056346 476
1.9784945634618334 477
1.9785707494347224 478
1.978670283887563 479
1.9790755218801555 480
1.979142547692048 481
1.9796186257609607 482
1.979916240799981 483
1.9804884868834849 484
1.980501360110531 485
1.9805043746541515 486
1.9805144852004046 487
1.9806086845540114 488
1.980682816449516 489
1.9810292935863578 490
1.9810597619451347 491
1.981077968918795 492
1.9816554382991476 493
1.98178709382131 494
1.9825642825439305 495
1.982885552874278 496
1.9828896510671434 497
1.9829444447319475 498
1.9835414406991254 499
1.9844839360813908 500
1.9845935919822972 501
1.9850903224372933 502
1.9853871536840058 503
1.9857127986712195 504
1.9863141249297491 505
1.9864486531912353 506
1.9871663251352318 507
1.987167783189896 508
1.9872581250973878 509
1.9873150823489005 510
1.987429802148904 511
1.9875675535283959 512
1.9876286141815864 513
1.9877691953625356 514
1.9877722759278678 515
1.9878147074309573 516
1.9878836667083506 517
1.9879892036841282 518
1.9885511746537274 519
1.9886172456145483 520
1.9888599476838087 521
1.9889332355525522 522
1.9890319564161605 523
1.9891119751761581 524
1.9891249871833103 525
1.9892226281530123 526
1.9897192069064844 527
1.9897888744798788 528
1.9898549894411395 529
1.990102066860386 530
1.9901276358915858 531
1.990177131990514 532
1.9902614333654352 533
1.9903007248402826 534
1.9904404974576437 535
1.990469615544077 536
1.990699895723683 537
1.9915281045548314 538
1.9919690329237816 539
1.992171582055322 540
1.9921860825563535 541
1.9923663061855468 542
1.9928566391257954 543
1.9932532591221859 544
1.9935017847508993 545
1.9935351883940797 546
1.9936650841049515 547
1.993734463785701 548
1.993804489204136 549
1.9939815171802282 550
1.9941072600249738 551
1.9946437044972165 552
1.995193001763407 553
1.9952577151057524 554
1.995343042267036 555
1.9953677143863695 556
1.9954962168265844 557
1.995868015383047 558
1.9963338861252717 559
1.9963924518391298 560
1.9965409497898232 561
1.996717127803864 562
1.9968990216497076 563
1.9973190227282047 564
1.9976257945942264 565
1.9981068804302584 566
1.9983563742320836 567
1.998668348356859 568
1.9988639645312545 569
1.9991019174972282 570
1.9991038512276391 571
1.999155307466317 572
1.9993857665719104 573
1.999634478307906 574
1.9997307692321789 575
1.9999229150702855 576
2.0001625553593185 577
2.000207163765129 578
2.000704776959471 579
2.0007336155239708 580
2.0008586157219765 581
2.000861975962626 582
2.0009866759455606 583
2.0014896945112373 584
2.0025915925932756 585
2.0027042710844944 586
2.0027094211891154 587
2.0028203953143717 588
2.0029809066632587 589
2.003063910321263 590
2.0031150139443237 591
2.0031848563212007 592
2.003471008064558 593
2.003578003638344 594
2.003583062272951 595
2.003589558320807 596
2.003649779464011 597
2.004437769622337 598
2.0045342916646662 599
2.0052326694539295 600
2.0052501153006244 601
2.0057334269033835 602
2.0061558425044117 603
2.0066288285734313 604
2.00681979665565 605
2.0073694904166492 606
2.0074734811832977 607
2.0076979537495836 608
2.0077639693693734 609
2.00780953426289 610
2.008211188864772 611
2.008293827552991 612
2.008421613097278 613
2.008582188376065 614
2.0085872616813365 615
2.008692790916317 616
2.0091658570780453 617
2.0092343221944806 618
2.0100038470165917 619
2.0100274541124565 620
2.0100819488237054 621
2.010832839416724 622
2.0114293386054833 623
2.011496615487446 624
2.0116927769403454 625
2.0119449430772796 626
2.012365639736475 627
2.0124369793287284 628
2.0124372043912437 629
2.0127418950437352 630
2.012803158206976 631
2.013167300867773 632
2.013264592336392 633
2.013773951719704 634
2.01398531500021 635
2.0141091019767803 636
2.014124723632506 637
2.0141448815046474 638
2.0143929832638947 639
2.0146196628515867 640
2.0160131113965014 641
2.0160361221030287 642
2.016225547420604 643
2.016322275750065 644
2.0165208885035124 645
2.017131401618016 646
2.01714944012726 647
2.0172653976023187 648
2.0175435256647547 649
2.017563330237079 650
2.0177061083661783 651
2.0179403290754574 652
2.018388795418395 653
2.0185441069073122 654
2.0188755115962773 655
2.0189930956686584 656
2.0190117899196203 657
2.01985804860244 658
2.021133697660593 659
2.0213295344683693 660
2.0219327102729117 661
2.0222551410296603 662
2.0224098973783904 663
2.022599091678645 664
2.0226010528199017 665
2.0228337504724663 666
2.023348389321373 667
2.023599776630384 668
2.0237768263494447 669
2.02382520304233 670
2.023837347378159 671
2.0238623780201666 672
2.024093563391102 673
2.024154268043048 674
2.0243914512503913 675
2.0246247015741514 676
2.024683142927036 677
2.0247141105459314 678
2.0253183323459543 679
2.025989508550512 680
2.026124100504218 681
2.026194803535646 682
2.026265272408575 683
2.02656331332446 684
2.0269400912202444 685
2.0270090912263776 686
2.027014022239769 687
2.027090392079019 688
2.02744907671769 689
2.027676687059684 690
2.0277495387758098 691
2.027788871773061 692
2.0278754420641643 693
2.027945493360127 694
2.0279592841996514 695
2.028092823282263 696
2.028397215585109 697
2.0284027135454794 698
2.028481825556037 699
2.0285003585198393 700
2.0288147333498507 701
2.028861832356037 702
2.029026883980736 703
2.0290729094193662 704
2.0292093822768296 705
2.029450696327094 706
2.0298675938042057 707
2.0298926351691096 708
2.0299501235786077 709
2.030061297369586 710
2.0300864598027517 711
2.03034388055425 712
2.030349942579243 713
2.030716225246192 714
2.0308041525752896 715
2.0309594485776095 716
2.031067503147841 717
2.031341540557728 718
2.032294108013854 719
2.032294510983655 720
2.032295454872081 721
2.0323157842961295 722
2.032365468807208 723
2.032503589688215 724
2.0330439755298877 725
2.033334106798809 726
2.033578010135793 727
2.033679154777881 728
2.033728000167107 729
2.0339570154298054 730
2.0344742289989957 731
2.034599917291028 732
2.0346079094918332 733
2.0352814722376547 734
2.0355421285587414 735
2.035558431960948 736
2.0357104186191632 737
2.0361913095521453 738
2.036295607654491 739
2.036297554945047 740
2.036533701518132 741
2.03678158087612 742
2.0370064968244384 743
2.037140468249884 744
2.0371861691846056 745
2.0375624070742733 746
2.0380982771789364 747
2.038328935659745 748
2.0385489533463867 749
2.0385789610186045 750
2.0388431561212985 751
2.0393267118388883 752
2.0400095650799335 753
2.0400117894814414 754
2.040058313842375 755
2.040143358509512 756
2.0401484400230894 757
2.0403630534903012 758
2.040540245850672 759
2.040632134782531 760
2.041218774316719 761
2.041321698306318 762
2.0414806309302125 763
2.0415803997335518 764
2.0416101065760714 765
2.0416872460803908 766
2.0417371403613545 767
2.0419778652369467 768
2.0419984552979416 769
2.042025613950113 770
2.0421946088834004 771
2.0422108872244746 772
2.042366166199118 773
2.042651507713122 774
2.04287298753189 775
2.0430109874232545 776
2.0430984974093676 777
2.0435649559199422 778
2.043617187888474 779
2.0436438844052174 780
2.0438690327388667 781
2.044462722239664 782
2.0446290708011094 783
2.0448597268076885 784
2.045183259905758 785
2.045296328199154 786
2.0459796047943843 787
2.04616702062908 788
2.046262158520647 789
2.0463069208627775 790
2.0464925185634986 791
2.0467391453379866 792
2.046794171630106 793
2.0468209468782734 794
2.0468943237895463 795
2.0470143762278226 796
2.047216567818355 797
2.0472869389035595 798
2.047887742388312 799
2.0482490690424044 800
2.0483293511622254 801
2.048647680542807 802
2.048725852405768 803
2.049299544396035 804
2.0495590821434604 805
2.0495798155221863 806
2.0496638513012067 807
2.0500266223602166 808
2.050153234505655 809
2.050167315618352 810
2.0502290991938863 811
2.050883507256752 812
2.050893460053259 813
2.051718513707809 814
2.0519174097534676 815
2.052252446260425 816
2.0523538454566292 817
2.0523558205044186 818
2.0524537521678177 819
2.0525685227451644 820
2.052765574285925 821
2.0528748226823823 822
2.052999899463202 823
2.053127379755452 824
2.0531531606193028 825
2.0534017371558195 826
2.054729192253544 827
2.0547942330463678 828
2.054835409937717 829
2.0550736426142673 830
2.0552689357430065 831
2.0553764332383913 832
2.055456750822445 833
2.055569714505156 834
2.055612217913601 835
2.0557355460274165 836
2.0558737579828805 837
2.056194002665172 838
2.056649620044682 839
2.0567845295405913 840
2.0576027840863316 841
2.0577582537531387 842
2.0577877262949658 843
2.057825977321067 844
2.057867049372608 845
2.0580660228277794 846
2.0581134780591106 847
2.0583616920409336 848
2.0585605261043347 849
2.0586356992533914 850
2.0587283700380166 851
2.0589179698133946 852
2.0590678680814767 853
2.0591156696782114 854
2.059200004222281 855
2.0594970168554023 856
2.059627742578738 857
2.0611348437359287 858
2.0612218491448857 859
2.0614429146104314 860
2.0619947153705573 861
2.062759100473103 862
2.0628063305291864 863
2.0636269781948657 864
2.063992810759248 865
2.0640269441854278 866
2.064253680419428 867
2.0650470583760745 868
2.065087819829761 869
2.065169120575319 870
2.0656221426983894 871
2.065645349023257 872
2.0657900423678335 873
2.066074885450191 874
2.0664197623526337 875
2.066490288993449 876
2.066727186242714 877
2.066858657817062 878
2.067569856995543 879
2.0677112448567314 880
2.067738719188316 881
2.0678923550072192 882
2.0678943957984623 883
2.068407322930763 884
2.0689380427748834 885
2.0689577165738657 886
2.069352476679406 887
2.069393774714076 888
2.0694681304597333 889
2.069736000709692 890
2.069872319887317 891
2.0701481469314555 892
2.070490183487378 893
2.070699623639339 894
2.071066014273496 895
2.0714873598097783 896
2.071591118368743 897
2.0717825715543685 898
2.0718199302500064 899
2.071984040124334 900
2.0722955609802756 901
2.0724633984508745 902
2.0725118631207056 903
2.072942732946851 904
2.0731982913304012 905
2.073577043230796 906
2.0740508036995493 907
2.07409949130696 908
2.0744201357892043 909
2.0744686763745905 910
2.0744787664532245 911
2.0746301598107135 912
2.075175755202133 913
2.075480413285923 914
2.0754904860728685 915
2.0759322350761225 916
2.076049741878212 917
2.0762731475201344 918
2.0764444521741847 919
2.076624500012246 920
2.077027966836646 921
2.0774830996845544 922
2.077582415267015 923
2.0782145060894606 924
2.0785111801151084 925
2.078705404114813 926
2.0789010124837626 927
2.07892669832914 928
2.079280381613568 929
2.0795884543359247 930
2.079626787298643 931
2.079701790112087 932
2.0798684663847933 933
2.0799581121761985 934
2.079981479171462 935
2.0799960765364855 936
2.0801575490050794 937
2.0805973544266445 938
2.080691183483428 939
2.081331264119044 940
2.0817247771507192 941
2.0825100179661638 942
2.082590246998148 943
2.082719969888455 944
2.0828913900472554 945
2.083170879278706 946
2.0833022110855874 947
2.0834628571128415 948
2.0840785700454756 949
2.0848139204309466 950
2.084893836634716 951
2.085264916696254 952
2.085398857492181 953
2.0858497901362254 954
2.085889174058956 955
2.0860553166025335 956
2.086105208083596 957
2.0863116719358703 958
2.086704006912386 959
2.0869242318999053 960
2.0872467377712223 961
2.0876552501947137 962
2.0877219139430503 963
2.0879667105513344 964
2.088659080088458 965
2.088686458814352 966
2.0889961507201837 967
2.0893589390419085 968
2.0894585588421184 969
2.0898915972466714 970
2.090032132394494 971
2.090286895465237 972
2.090489721996094 973
2.090513046248167 974
2.090560647946135 975
2.0909027329869105 976
2.0909099846711556 977
2.091068415104565 978
2.0910762416244344 979
2.0912450607788364 980
2.0913378356939964 981
2.091339826984212 982
2.091932050425387 983
2.0919830044285304 984
2.0921375120278567 985
2.0924579381409165 986
2.092842975825322 987
2.093017191956885 988
2.093146310210745 989
2.093561800496613 990
2.093581548211883 991
2.0937561674786793 992
2.0941157504296393 993
2.0948334228982284 994
2.0950326521116454 995
2.0957297922583793 996
2.0958459288612326 997
2.09601109031019 998
2.096110721914121 999
2.0962507728661617 1000
2.096346611226046 1001
2.096591318912976 1002
2.096714539944611 1003
2.0973486359403193 1004
2.09778308181522 1005
2.0979011287364977 1006
2.097946577926036 1007
2.0979848662919744 1008
2.0998307384926003 1009
2.1000312967796937 1010
2.100291882688918 1011
2.1006872788215563 1012
2.1006940371760705 1013
2.101178977608678 1014
2.1015663409040717 1015
2.1016137330645837 1016
2.1016597610093304 1017
2.101752534207533 1018
2.10185236576342 1019
2.10185739115056 1020
2.102444552780942 1021
2.1032841390955905 1022
2.103422283169873 1023
2.1034725584900937 1024
2.103786507463892 1025
2.103855055259542 1026
2.104102472114107 1027
2.1041474023267925 1028
2.104162066900219 1029
2.104310981525843 1030
2.1044695349148554 1031
2.1044992440057197 1032
2.104756335373437 1033
2.1051336644407534 1034
2.105303939736457 1035
2.105485515272158 1036
2.10553184417011 1037
2.1055658570611184 1038
2.1062986162837074 1039
2.1064344470250274 1040
2.106492295268933 1041
2.106853293928281 1042
2.106860020343321 1043
2.107046668703345 1044
2.1070915134279953 1045
2.107114498498817 1046
2.10720613400176 1047
2.107832632479035 1048
2.1080466460447815 1049
2.108141708184474 1050
2.108178501754513 1051
2.1082429889638883 1052
2.1083401835923734 1053
2.1084665454344447 1054
2.1086157628141233 1055
2.1090689785291774 1056
2.109192636846609 1057
2.1092900164284667 1058
2.1094862599414115 1059
2.1097672500892077 1060
2.110244033334687 1061
2.110638820299648 1062
2.1107323005293948 1063
2.1112970040087613 1064
2.1116264025507636 1065
2.111884886827655 1066
2.112623500010111 1067
2.112767852827962 1068
2.113464774303046 1069
2.113933768486071 1070
2.1140752429909333 1071
2.1140920011074873 1072
2.11467607787326 1073
2.1147258455610545 1074
2.1149147075907657 1075
2.1155746009804495 1076
2.115665931974875 1077
2.115966407682434 1078
2.116332244746722 1079
2.116405599179051 1080
2.1164285530966547 1081
2.1172115499441784 1082
2.118115832306355 1083
2.1182822020614616 1084
2.1184112393736036 1085
2.119152899386564 1086
2.1196387143206485 1087
2.119671554794244 1088
2.1197821920416655 1089
2.12019194981459 1090
2.120581397555108 1091
2.1209483399466706 1092
2.1212602533843268 1093
2.1213640133712968 1094
2.1217679219028205 1095
2.1219648589373574 1096
2.1219911157239832 1097
2.122323833454899 1098
2.1224718727848204 1099
2.1225168640052923 1100
2.123032396442581 1101
2.1231905454464437 1102
2.1232791365745936 1103
2.123286875644605 1104
2.123596125185805 1105
2.123755784929321 1106
2.124685250989143 1107
2.124687064066414 1108
2.1247874318094553 1109
2.1248457778817755 1110
2.1249569238412143 1111
2.1250158241825243 1112
2.1251514860788614 1113
2.1254542940614174 1114
2.1257599261180253 1115
2.12621415781408 1116
2.1263530814104263 1117
2.126814054330845 1118
2.1273998151256364 1119
2.127541024341725 1120
2.1275970411081837 1121
2.128487374991709 1122
2.1286882397083833 1123
2.129060171309046 1124
2.1296162669800744 1125
2.129638228644107 1126
2.1302948267648794 1127
2.1303004640997827 1128
2.1307200883340176 1129
2.1312289309321675 1130
2.1327714151716237 1131
2.133065345691364 1132
2.1330793665429093 1133
2.133405290678545 1134
2.1345640316900276 1135
2.134620678951883 1136
2.1346414968174736 1137
2.13467322690492 1138
2.1349780723271747 1139
2.1353694792815734 1140
2.135448913239073 1141
2.135769470603349 1142
2.135869945869304 1143
2.1361047685908914 1144
2.1366530477378762 1145
2.137153096639471 1146
2.1371644182539224 1147
2.1378189847735207 1148
2.137841081814045 1149
2.138156028306088 1150
2.1381727036835754 1151
2.1381934824562245 1152
2.138233319424597 1153
2.1382518206943 1154
2.138541446580322 1155
2.138988962396878 1156
2.13920761590125 1157
2.1393659809333827 1158
2.1401149669120167 1159
2.1403894948583035 1160
2.1404058155268086 1161
2.140810193862313 1162
2.140903377059636 1163
2.140920115520548 1164
2.1409253054712836 1165
2.1411387715921832 1166
2.1413572237510983 1167
2.1422459366776883 1168
2.142451920385879 1169
2.1433007054804847 1170
2.1434047280161743 1171
2.1435291639250886 1172
2.143612284059802 1173
2.144534820138072 1174
2.144745011752274 1175
2.144810982322082 1176
2.1448898016530116 1177
2.1453346568852467 1178
2.1467002017966066 1179
2.1471290374753536 1180
2.147252041183788 1181
2.147301109775688 1182
2.1473936568848098 1183
2.1474184446269025 1184
2.1477648319749316 1185
2.148030347896649 1186
2.1480442717632844 1187
2.1485938587484372 1188
2.1489786175585555 1189
2.1495519621664396 1190
2.150148736667964 1191
2.1503053106522754 1192
2.1503265849891298 1193
2.1505565053822697 1194
2.1512153890201926 1195
2.1519828684263715 1196
2.152193499197508 1197
2.152200501479504 1198
2.1522561005116114 1199
2.152440394152857 1200
2.152739363818296 1201
2.152913029409865 1202
2.153216782268731 1203
2.1533010951909466 1204
2.1536465959788362 1205
2.153837332034073 1206
2.154002108861058 1207
2.154116066127661 1208
2.1541203042648367 1209
2.154148234319954 1210
2.1542140658849704 1211
2.1564193833476692 1212
2.1564781089881797 1213
2.1565780369144965 1214
2.1566346703859023 1215
2.157026025268252 1216
2.1573202658644117 1217
2.1579271219821927 1218
2.1582720946427663 1219
2.1583071166905494 1220
2.158404166629574 1221
2.1586998756442863 1222
2.1591111636774403 1223
2.159421447752657 1224
2.159432981805943 1225
2.159522991709193 1226
2.1598530206874083 1227
2.1611135471250495 1228
2.1612877913164925 1229
2.1614558343118326 1230
2.1616260109550165 1231
2.1617586536631563 1232
2.162500552126638 1233
2.163040953004072 1234
2.1632853552153115 1235
2.163402207082479 1236
2.1636305394218485 1237
2.163738984836746 1238
2.1643364138449073 1239
2.1646716059692346 1240
2.1647543933952185 1241
2.1648400723630794 1242
2.164931050272915 1243
2.165620543365216 1244
2.1659201750102426 1245
2.1661706485619687 1246
2.166543648343741 1247
2.1666650807189263 1248
2.166803425771761 1249
2.166813854454845 1250
2.167740477724878 1251
2.1682114388056832 1252
2.168236107396484 1253
2.168263037397494 1254
2.168726182008649 1255
2.168843425702996 1256
2.168876616119331 1257
2.1690603165073066 1258
2.1692494707865118 1259
2.1693184945149486 1260
2.1707006394146107 1261
2.170909161565802 1262
2.1711155232591857 1263
2.1712277663291606 1264
2.171328746321224 1265
2.1716165776620233 1266
2.171627221183514 1267
2.172572835731308 1268
2.172902060085581 1269
2.1729356583051604 1270
2.173082973575558 1271
2.1731863703297827 1272
2.173530615678457 1273
2.1738666193810614 1274
2.1739634926540243 1275
2.1739738903655543 1276
2.174304383746395 1277
2.1746672872295125 1278
2.1748305658599163 1279
2.1754144928760293 1280
2.1754695364626495 1281
2.175588568742555 1282
2.1755970937933675 1283
2.176037388974905 1284
2.176318899940678 1285
2.1764629847825008 1286
2.1769238231008265 1287
2.176931203076746 1288
2.1799384783436837 1289
2.179968315729223 1290
2.1803048631069406 1291
2.1804853000747473 1292
2.1817968779016237 1293
2.1824357907866676 1294
2.1825586694607937 1295
2.182880814356138 1296
2.1831319657505137 1297
2.1832158177433163 1298
2.183247062149622 1299
2.184250718777923 1300
2.1846905318263574 1301
2.1848480109263635 1302
2.1849578684890325 1303
2.185091464731568 1304
2.1853039798891527 1305
2.1854981469037655 1306
2.1855175008870593 1307
2.185626333178834 1308
2.185878912760138 1309
2.186354949678871 1310
2.1867352255456933 1311
2.1867616299550026 1312
2.186922348776316 1313
2.1870774064511234 1314
2.187179019881894 1315
2.1874157035130577 1316
2.187548035180884 1317
2.187587662863315 1318
2.1881310096557756 1319
2.1882239346477492 1320
2.1893001621641788 1321
2.1895412305286155 1322
2.1896248605352606 1323
2.189858571420204 1324
2.191483953972684 1325
2.191632196278307 1326
2.1920710894934916 1327
2.1922472684272645 1328
2.192583593789378 1329
2.1930594156000685 1330
2.1931510267124263 1331
2.1937327231728454 1332
2.193940295337272 1333
2.193965125933838 1334
2.1943661753267243 1335
2.1956374191712715 1336
2.195791698573183 1337
2.1959450278398154 1338
2.196308348013993 1339
2.1963508938938214 1340
2.1971293578894477 1341
2.1971718041932924 1342
2.198282207695078 1343
2.198926887945846 1344
2.199141168086632 1345
2.199424866176798 1346
2.1997933262507425 1347
2.200373640438166 1348
2.2008110628091497 1349
2.201238217247753 1350
2.2015633236440904 1351
2.2016651255105066 1352
2.2028712789266414 1353
2.2042568585206466 1354
2.20428706119894 1355
2.204623026455444 1356
2.2047981952197278 1357
2.2055713886016624 1358
2.205585388721397 1359
2.205935302749371 1360
2.207177532888852 1361
2.2084578371944654 1362
2.208543194671456 1363
2.208552030136987 1364
2.209121872904473 1365
2.2096285417411936 1366
2.2103986054084577 1367
2.2105054981727097 1368
2.2108946046886757 1369
2.211340226958949 1370
2.211494955342061 1371
2.2118868607009996 1372
2.2119225409342667 1373
2.2152811457906014 1374
2.215532073856951 1375
2.216296082240357 1376
2.2164994871663506 1377
2.2170230337842325 1378
2.217131409364339 1379
2.217214131076738 1380
2.217446773280793 1381
2.2183155909728307 1382
2.2191585347721827 1383
2.219314925542026 1384
2.2194544343668423 1385
2.220066416585397 1386
2.22126359571202 1387
2.222016722433813 1388
2.2225049205030554 1389
2.2227774268737814 1390
2.224590836850124 1391
2.2247614638562236 1392
2.225293242025556 1393
2.226484146803074 1394
2.2265107051357154 1395
2.2266478821866613 1396
2.226994752514101 1397
2.230824756784785 1398
2.23164586067721 1399
2.2317634005659777 1400
2.2320936289301225 1401
2.2325153405247695 1402
2.2327594181722143 1403
2.233069010742174 1404
2.2341076152064883 1405
2.2351877056750578 1406
2.236592341346532 1407
2.237035692344572 1408
2.2375287521826746 1409
2.238320938636198 1410
2.2391292719243774 1411
2.239380147940806 1412
2.240267676148487 1413
2.2411558413576858 1414
2.243944486966888 1415
2.2445576146319097 1416
2.2451341025477696 1417
2.246002541298378 1418
2.2469633015084267 1419
2.247404645331568 1420
2.248335910324571 1421
2.250467616901512 1422
2.2504806264468686 1423
2.250816002777608 1424
2.251422877040256 1425
2.251610700648631 1426
2.2520508051770847 1427
2.2522213555980204 1428
2.252261545995639 1429
2.2527016254507846 1430
2.253487784558758 1431
2.2539864456152685 1432
2.2540026550885455 1433
2.255391522775816 1434
2.2565688178713743 1435
2.2580423102972813 1436
2.2593036488615805 1437
2.259373731505279 1438
2.2621979602475935 1439
2.2635721391838333 1440
2.2639645130943378 1441
2.264444287755249 1442
2.264465668089143 1443
2.264518010488889 1444
2.264874250427649 1445
2.2651478837691945 1446
2.2653791725214125 1447
2.266709579353739 1448
2.2673717911580757 1449
2.268097199853979 1450
2.268298168674933 1451
2.2686728862848566 1452
2.269619288816743 1453
2.272460359304875 1454
2.2754094979496173 1455
2.275989767686046 1456
2.2760928914376524 1457
2.2772569091280612 1458
2.2783084268451925 1459
2.2799583465329665 1460
2.2801121346191375 1461
2.2842011202359163 1462
2.2850205525084464 1463
2.2851368627046043 1464
2.2908668762487294 1465
2.2909864019143327 1466
2.291331940185781 1467
2.29235763766508 1468
2.2927091123295464 1469
2.2928053924981566 1470
2.293497242763227 1471
2.293780702598276 1472
2.296246952169935 1473
2.296555343242046 1474
2.296672159061937 1475
2.2970509245632518 1476
2.298290618359532 1477
2.3003733584922434 1478
2.301394813197536 1479
2.3039676457394243 1480
2.309242977617667 1481
2.312160989339417 1482
2.3165381719822427 1483
2.317530997494109 1484
2.32010436203714 1485
2.330016152791506 1486
2.3302400247146675 1487
2.3391647712689534 1488
2.3405959327519295 1489
2.343894502584686 1490
2.3440858533674973 1491
2.347384487000427 1492
2.3502282909726993 1493
2.353997120224528 1494
2.363976472429547 1495
2.3821046354724866 1496
2.382244518911823 1497
2.3852917972613 1498
2.387544937579391 1499
2.38971879452461 1500
