2.2132525834722688E-4 1
7.761662514553236E-4 2
0.0014138430437905525 3
0.001424509761406012 4
0.0016784719574997613 5
0.0021660859727733466 6
0.002615021647491556 7
0.0026622621674695646 8
0.0028973182312675427 9
0.0032401634161409176 10
0.004210911723924461 11
0.0050264598300323055 12
0.0050777259270177715 13
0.005158946021843747 14
0.005599193961596248 15
0.006284315983970615 16
0.006499746554857743 17
0.006695473822109168 18
0.007091934305937909 19
0.007864225337600728 20
0.007919903902381066 21
0.008462077348264596 22
0.008704829585766181 23
0.009303048838942453 24
0.009324696679984144 25
0.009344389482569606 26
0.009344624558796697 27
0.00935442558382821 28
0.009798874652029334 29
0.00998550815989485 30
0.010154000095791035 31
0.010155638877492821 32
0.010965405370524983 33
0.011149572581064915 34
0.011867441202132234 35
0.011914907781304666 36
0.012108994407282579 37
0.012259169089917973 38
0.012938648808785426 39
0.013002644296519483 40
0.013485358031844417 41
0.013640400230029824 42
0.013931469597070088 43
0.014049390709013565 44
0.014316352071888023 45
0.014908398840517312 46
0.015481058141894603 47
0.015841874644025148 48
0.01593679624326205 49
0.0159703955412559 50
0.01776688910860086 51
0.01818819147916535 52
0.0183779959893658 53
0.018526247120138954 54
0.01854172436607005 55
0.018786732517389108 56
0.018891441941030984 57
0.019024140450171586 58
0.019197916226949278 59
0.019232033212901678 60
0.019475593659973423 61
0.019571453450082214 62
0.019894389444390093 63
0.02018565283088563 64
0.020581073470786256 65
0.020732615379947642 66
0.021007801735633106 67
0.021011546662384414 68
0.02140868759016074 69
0.021852130579229915 70
0.0224172154804394 71
0.02244171338717549 72
0.02267043630091837 73
0.022891578009738116 74
0.023035690627524585 75
0.023665240266724674 76
0.023751867017563037 77
0.02421055468457961 78
0.024232947233914063 79
0.024386050416325463 80
0.024971237042212484 81
0.02500315972379997 82
0.026056975497942166 83
0.026195938406956013 84
0.026359798802622236 85
0.026532504743530805 86
0.02683805524759281 87
0.026858891517553003 88
0.02696373604048814 89
0.027268982232017288 90
0.027589338447675645 91
0.028055009429629574 92
0.028196661668723415 93
0.029060579737792153 94
0.029740463940055813 95
0.030170358042793114 96
0.03022499253559624 97
0.03106972767940452 98
0.031242368153629737 99
0.0313101534735426 100
0.03149489540154882 101
0.03195645567377259 102
0.032396027234213816 103
0.032442204163880106 104
0.03246422068710219 105
0.03390634665122672 106
0.03396248414384052 107
0.034191557929994176 108
0.03461437132289552 109
0.03480013893174961 110
0.03510276376617354 111
0.036424051286051584 112
0.036643923779438425 113
0.03736416621660166 114
0.037459713298054254 115
0.037565531274778526 116
0.03775609609940168 117
0.03812117052436697 118
0.039127890476410535 119
0.039244881253096844 120
0.03931085928508411 121
0.04024454876732097 122
0.04131350325044603 123
0.041674173295872856 124
0.04167849655156741 125
0.04185542727484354 126
0.041978341261914964 127
0.04237356825520099 128
0.04251402406726972 129
0.04297353546786281 130
0.04320140464853172 131
0.043916168051975964 132
0.04398859197851911 133
0.044439733040935236 134
0.045030926006818406 135
0.04670615132405843 136
0.046951662078337404 137
0.04735435743433647 138
0.04761180539120946 139
0.04799658886766811 140
0.04808876139280765 141
0.04883918867813864 142
0.048899631315185654 143
0.04892680986016867 144
0.048963562476010636 145
0.04936182977504111 146
0.04936955552017447 147
0.0496470110972852 148
0.04982873543707906 149
0.049890161118120675 150
0.0505903618755143 151
0.05060640353411805 152
0.050692287832117065 153
0.05074419800041689 154
0.050947139067422924 155
0.05106734129232877 156
0.0512420427668001 157
0.051270842174875327 158
0.05135630713766138 159
0.051748178256100785 160
0.05271354681405117 161
0.05301648858260172 162
0.05318465537402683 163
0.05320371459888305 164
0.05328895637843273 165
0.053684615070964975 166
0.05369957137407656 167
0.05386884584970125 168
0.05493162429153577 169
0.055414708590737834 170
0.05563573854728939 171
0.056003985487997045 172
0.05612540230364702 173
0.05638581620556159 174
0.05761286733978281 175
0.05774798098972134 176
0.05796893796170545 177
0.0590497753127795 178
0.0592564329504378 179
0.05937379856611541 180
0.05975188803022796 181
0.06064920461231133 182
0.06068707603938 183
0.06103143464880861 184
0.061140349276010204 185
0.06146703378379337 186
0.061690069159827776 187
0.06222456751609995 188
0.06233632807592075 189
0.06270998986442633 190
0.0628077936289599 191
0.06306530303304986 192
0.06363121359240209 193
0.06368646587914854 194
0.06425660276962418 195
0.06592822320414159 196
0.06612660605651287 197
0.0664083804234254 198
0.06641710531999391 199
0.06672807906188094 200
0.06680442770733458 201
0.06690788543787457 202
0.06703377098085997 203
0.06731439034464043 204
0.06785904106742839 205
0.06795165754978619 206
0.06843587429771315 207
0.06845376220236778 208
0.06902533908844902 209
0.06982063574189483 210
0.06991342530603989 211
0.07004470209060804 212
0.07076873469991661 213
0.0709355078981456 214
0.0713945837232194 215
0.07180146615511021 216
0.07206876641435267 217
0.07241458206827237 218
0.07272970061459416 219
0.07288361169084472 220
0.07289887690368102 221
0.0729828290058186 222
0.07347648434709596 223
0.07404677052950488 224
0.07412490463900384 225
0.07446550116876427 226
0.07461758672138534 227
0.0748091425100788 228
0.07510917542191987 229
0.07523073193371305 230
0.07576722373998464 231
0.07733683197711554 232
0.07837482504574218 233
0.07943282773236052 234
0.08053898307519983 235
0.08067189830468681 236
0.08136607768932481 237
0.08145978074754123 238
0.08156385311946916 239
0.08183015791459287 240
0.08285168981372067 241
0.08286164893792765 242
0.08287609385189891 243
0.08323791273767533 244
0.08366084591846146 245
0.08395495660832863 246
0.08408218938626154 247
0.08443708528205886 248
0.0845626639024536 249
0.08498432667230246 250
0.08555869240257029 251
0.08588660462412817 252
0.08717390410991076 253
0.0872423571643354 254
0.08758653136716894 255
0.08782401558108414 256
0.08811032165506821 257
0.08818986942158875 258
0.08842610066623993 259
0.0886836740883961 260
0.08902200612567411 261
0.08945362341212791 262
0.08971689377027349 263
0.09000412793602654 264
0.09018758184402673 265
0.09047814361483693 266
0.09083261924525424 267
0.09090045579823312 268
0.09093734751994176 269
0.09158551268686412 270
0.09198208839226908 271
0.09226376522820734 272
0.09341696678436728 273
0.0940199293809508 274
0.09427688497416273 275
0.09448771132762616 276
0.09462721983774623 277
0.09496744917388687 278
0.09528482663995337 279
0.09653428827751531 280
0.09663737603357189 281
0.09713822854298342 282
0.09769251753082642 283
0.09774382844189433 284
0.09807240798830641 285
0.09818842472072688 286
0.09861594434777352 287
0.09875344979684442 288
0.09895224879233144 289
0.09981865727260755 290
0.09991958632329395 291
0.10034946942490292 292
0.10119912858289366 293
0.10235766379623942 294
0.10235946809612566 295
0.10257536482799468 296
0.1032418608025193 297
0.10379555368867552 298
0.10393141668541388 299
0.10402783440701106 300
0.10403377303182776 301
0.10421254059983379 302
0.10626842676103526 303
0.10709412196191173 304
0.10710247796776451 305
0.10726407594801207 306
0.10778717547302863 307
0.10817656228835934 308
0.1082929278897153 309
0.10864888768379191 310
0.10866869267827324 311
0.10892497125108219 312
0.10895048221374466 313
0.10909478655537395 314
0.10922936414871029 315
0.10929500575594962 316
0.1093546509939842 317
0.10948147749784673 318
0.10957358895843344 319
0.10970096911786417 320
0.1101440126607041 321
0.1102608115570455 322
0.11060251369894046 323
0.11071304564984495 324
0.11131121885420499 325
0.11192664066074416 326
0.11194166353845317 327
0.11233385232062137 328
0.11238274822517436 329
0.11262398606884005 330
0.11263666630216874 331
0.1127693007209155 332
0.1129601164762578 333
0.11320578252373086 334
0.11330714200118219 335
0.11373875707200344 336
0.11415984125380557 337
0.11562194889525004 338
0.11638305040564745 339
0.11679448588515196 340
0.11722840173382698 341
0.11736134180858544 342
0.11746259576528718 343
0.11756855535980251 344
0.11762007948200695 345
0.11779094269853808 346
0.11779163842125359 347
0.11851452215589724 348
0.11917423392631482 349
0.11928799834392036 350
0.11934648056559712 351
0.11966992939965168 352
0.1198177766318585 353
0.11987890355814895 354
0.12026842982908882 355
0.12049572120364614 356
0.12072112800425981 357
0.1219924134275138 358
0.12257611153454503 359
0.12293360853060956 360
0.1232514804695497 361
0.12332007244505325 362
0.1237463221219669 363
0.12398529783009798 364
0.12469506706675107 365
0.12557265697574008 366
0.1272839386087485 367
0.12774737613699597 368
0.1285785762689699 369
0.12890302944744586 370
0.12918165424254283 371
0.12972190938516087 372
0.13016732032618866 373
0.13035091771988355 374
0.13132599451696347 375
0.13145644842428483 376
0.13177942529848072 377
0.13237489481578874 378
0.13301917826843623 379
0.13348581308486016 380
0.13382426809257117 381
0.1338466927269268 382
0.13405318981793973 383
0.1343752507753908 384
0.13467267176414238 385
0.1348352741355687 386
0.1352498616447216 387
0.13527690846084714 388
0.13612991463869373 389
0.13646011099408792 390
0.13687630438000403 391
0.1372709977908486 392
0.13893993275076602 393
0.13903586557076678 394
0.13937989736192768 395
0.13966991723525152 396
0.14048240087576083 397
0.1407313526966857 398
0.14127182658300602 399
0.1415369150194365 400
0.14179635457647813 401
0.14187789961995909 402
0.14261268335078123 403
0.1430341841427891 404
0.14318239163633797 405
0.14395564251131573 406
0.14450583537948078 407
0.14470008018688874 408
0.14473137665386726 409
0.14474958800617047 410
0.14545821335768316 411
0.14549285833244593 412
0.14582164782163923 413
0.1463257801541906 414
0.14774102476924278 415
0.14780121444836514 416
0.14822121097263247 417
0.14923555989104337 418
0.14964938767513764 419
0.14996034273823272 420
0.15001567923430117 421
0.15108059637493043 422
0.1515133979573426 423
0.15170831098872312 424
0.15212645566129562 425
0.152258127084939 426
0.15247332807438385 427
0.15264193420749944 428
0.1533199561511658 429
0.15344098332108275 430
0.1534439505871277 431
0.15384514113712194 432
0.15402224870084114 433
0.15406857599147095 434
0.15466548163053345 435
0.15470635668102262 436
0.15644589806532413 437
0.15677189036739525 438
0.15678456669379262 439
0.1572105258179654 440
0.1574736312987923 441
0.15756311925403965 442
0.1576356717169339 443
0.1583942213077775 444
0.15839620765028153 445
0.15842133491000834 446
0.15867695360384138 447
0.1586946181150306 448
0.15903179608908838 449
0.15907317666489224 450
0.15938593371543192 451
0.1598328556098619 452
0.16041746312768182 453
0.1604880859543181 454
0.16065833987005948 455
0.1608269017370582 456
0.16152623380805914 457
0.16197295228159403 458
0.1623257044021168 459
0.16257247290305568 460
0.16275012918401435 461
0.16312928255422637 462
0.1632735591590929 463
0.16413761278527966 464
0.16418741461505665 465
0.16460102328083956 466
0.16501314554601268 467
0.16531975332417673 468
0.16550735785142703 469
0.16628325685386902 470
0.1664052038904635 471
0.1668039548537362 472
0.1673216447006125 473
0.16775097511122852 474
0.16810443730420324 475
0.16839824879015786 476
0.1688560899969635 477
0.16949347672157972 478
0.16950544671373077 479
0.16993214402041104 480
0.1700314169068012 481
0.17048410151175758 482
0.17055107485099683 483
0.1706930400032169 484
0.17076640722698008 485
0.17200299420600731 486
0.17211129589690816 487
0.1721217751970178 488
0.17282253637199863 489
0.17310096634632868 490
0.173569062708274 491
0.17374073632470038 492
0.17397507575471813 493
0.17412068298150954 494
0.17434503311004468 495
0.17434728353317228 496
0.17453570691199966 497
0.17453936925517974 498
0.17461372533291955 499
0.1746911928999374 500
0.1758484280086381 501
0.17587471284223122 502
0.1758961554018028 503
0.17621008588372958 504
0.17629190170780898 505
0.176479531745001 506
0.17664380498404475 507
0.17713416323802916 508
0.17741689055216073 509
0.1776318805457918 510
0.1778372167936732 511
0.17809764084531757 512
0.17821352188976317 513
0.17837664159578084 514
0.17878959270123748 515
0.17884804498853027 516
0.17921115152746 517
0.17930194352764392 518
0.17964598712468172 519
0.17973848459678066 520
0.17980586310101224 521
0.179851753334449 522
0.17986919973549245 523
0.17997493895837383 524
0.180314485194122 525
0.18036955458462584 526
0.1804840602517422 527
0.18065902327435063 528
0.18170167276928048 529
0.18177041696001298 530
0.18181614560082687 531
0.1825497453115131 532
0.18317042990583116 533
0.1834646018870228 534
0.18429146884912123 535
0.1843138484312045 536
0.18433105713397485 537
0.18458915582086544 538
0.18466441357127414 539
0.18488602065347914 540
0.18498865833214614 541
0.18531004315746497 542
0.18534482813725192 543
0.18569164171580435 544
0.18584598015358414 545
0.18590757423499263 546
0.1866130690453681 547
0.18699056243441117 548
0.18721725250188959 549
0.18726233290176364 550
0.18786643776842227 551
0.18809462550001393 552
0.18810488147834695 553
0.18841969609358855 554
0.1884323582369606 555
0.18846939257767148 556
0.18859309105771532 557
0.18867008272473465 558
0.18903368693086361 559
0.1893525585284491 560
0.18941179430885863 561
0.1897715020333161 562
0.1899222606605286 563
0.19009946565003905 564
0.1902966396520349 565
0.1908235881094018 566
0.1910598416900575 567
0.19110884855719265 568
0.1916163712567501 569
0.1920969089433627 570
0.1927403580308637 571
0.19278120377991084 572
0.19344928440176382 573
0.19458860163355488 574
0.19468634483121355 575
0.19477759142281365 576
0.19496374541550301 577
0.19521638864259655 578
0.1953812027902845 579
0.19540889354666055 580
0.19558460784415843 581
0.19582568440520037 582
0.19611209798290974 583
0.19657206108387285 584
0.1967817152625935 585
0.1969219110739719 586
0.19752976506759137 587
0.19802020105922472 588
0.19819305668252998 589
0.19820062730473006 590
0.19826580883100844 591
0.1982908965385395 592
0.1994622091996854 593
0.19961083988089326 594
0.19997249589894212 595
0.20037381444961863 596
0.2004125629071638 597
0.2008447653220961 598
0.20115235591005518 599
0.20127843463769757 600
0.20218965236175418 601
0.20226552826186878 602
0.20238239779244044 603
0.20245534547253602 604
0.202520185803812 605
0.20258989624341184 606
0.20372927135410687 607
0.20479841403186005 608
0.20540979630038625 609
0.20542792698939893 610
0.20551632351508892 611
0.20566193338680133 612
0.20591549884734453 613
0.20593800336116144 614
0.2060868917732379 615
0.20610264017331262 616
0.20675995902500519 617
0.2077754008681979 618
0.20792125205032586 619
0.2081546688830725 620
0.20898018698603335 621
0.209236684120829 622
0.20925649288956374 623
0.2094619333276345 624
0.20963153186222697 625
0.20983283383767043 626
0.21016703147463137 627
0.21024910284010517 628
0.21139521172155593 629
0.21280383791650223 630
0.21336981345021533 631
0.21357153460872935 632
0.2139355439592561 633
0.21436282242592505 634
0.21468779087355802 635
0.21487435428182597 636
0.21488730147812138 637
0.2152229609932558 638
0.21552148589351686 639
0.2157448188810032 640
0.21660489389540008 641
0.21705008262581305 642
0.21741479863913982 643
0.2175177941779901 644
0.2178415830372696 645
0.2179625135901301 646
0.21797433448578896 647
0.21810410718278836 648
0.21870273124112985 649
0.21893467993081092 650
0.2190495047564703 651
0.2190538295177084 652
0.21911485104087589 653
0.21919328383379716 654
0.21930322820358172 655
0.2201597715035433 656
0.2204319648281495 657
0.22070095155896047 658
0.22116353101681485 659
0.22124607629283655 660
0.221388494380902 661
0.22190503270384798 662
0.22194864424679353 663
0.22203430142827224 664
0.22221992615110647 665
0.2227033102842503 666
0.2232814770022282 667
0.22335049055553297 668
0.22352855034860114 669
0.22421945388948258 670
0.2249729398400144 671
0.22519899499980228 672
0.22573003922101717 673
0.22573892280541408 674
0.22594238675630055 675
0.22606461970993197 676
0.22688937953329286 677
0.2273989268576044 678
0.22751280343846492 679
0.2278738956261646 680
0.22896135393347192 681
0.228964100302944 682
0.22908208554050333 683
0.22913547514813842 684
0.22918710360914388 685
0.22933116407179654 686
0.22963620735449827 687
0.22979588844075505 688
0.22987246686046237 689
0.2299144999375805 690
0.2303136327915328 691
0.2307960878344669 692
0.23104380658409665 693
0.2315129486518779 694
0.23177212975810813 695
0.23198474995469848 696
0.23252947888593292 697
0.23266477879431935 698
0.2326715916421597 699
0.23300835438476195 700
0.2335581014983944 701
0.2337252700178597 702
0.23392178055209648 703
0.23425838756964032 704
0.23427971746261925 705
0.23587128223622783 706
0.23597915457301974 707
0.23602430209422987 708
0.23621803831289237 709
0.23657205468324255 710
0.23658081442112155 711
0.23663402356672567 712
0.2385036967878495 713
0.239149850061835 714
0.24021617225828404 715
0.2411171293513191 716
0.24190895410369626 717
0.24241115707276087 718
0.2426990520498253 719
0.24307998784320675 720
0.24429970594403727 721
0.24435289332949076 722
0.24470691211445958 723
0.24601880679539725 724
0.24632180587849584 725
0.24673716692683015 726
0.24686859695114732 727
0.24696202329666636 728
0.24697089509312178 729
0.24708372542090729 730
0.24736527023041638 731
0.2473813027858992 732
0.24773515018334283 733
0.24876543986996713 734
0.24881986905059722 735
0.24890094121583345 736
0.24960557156717691 737
0.24976285118658645 738
0.2498085696645175 739
0.24990404006399689 740
0.25015407808541157 741
0.2505679553965751 742
0.2518203413710067 743
0.2518386205371526 744
0.2521155511117387 745
0.2521779535093815 746
0.2527789940679861 747
0.2528648811145727 748
0.25371275873057925 749
0.25381100447005717 750
0.2540349334281674 751
0.25409350005273595 752
0.2549660547811322 753
0.25519670808956946 754
0.2552872345749984 755
0.255336315966093 756
0.25573900071316347 757
0.25649803822407524 758
0.25696380922914586 759
0.25728252359785425 760
0.2574850214162764 761
0.2579780733059868 762
0.25820113651900156 763
0.2582630349314802 764
0.25828614203145106 765
0.2583584893814395 766
0.2584010859971789 767
0.2585395238649772 768
0.25909164114766775 769
0.2591182111615974 770
0.2592848860625687 771
0.26006302641280077 772
0.26018246073199547 773
0.26025618596719097 774
0.2603663338578752 775
0.26067464002725405 776
0.2608852981845462 777
0.26120705388984516 778
0.2613809124020706 779
0.2625993125186217 780
0.2627094390174055 781
0.2628314516524087 782
0.26304363633840405 783
0.2631170408483367 784
0.26354419392124045 785
0.2636925121375486 786
0.2641987137094974 787
0.2643504978877527 788
0.2645231640762415 789
0.2645756805817521 790
0.26487752961125055 791
0.26513924531984373 792
0.2656404416081832 793
0.26616085163212855 794
0.2667693881246145 795
0.26751947277635535 796
0.26807687119210455 797
0.26931147683199785 798
0.26966852274955855 799
0.2696937127093033 800
0.27032902497823447 801
0.2717564567773894 802
0.2719087236954992 803
0.2719489424318156 804
0.2720209623092839 805
0.2726930223988445 806
0.2728821427247224 807
0.2729536314150114 808
0.2729671835553341 809
0.27326767942885954 810
0.27334958211341953 811
0.2736020907482018 812
0.2746577210250625 813
0.27556841766475637 814
0.2768491599170275 815
0.27928563882786456 816
0.27978076456622475 817
0.2799410926825414 818
0.2800749308757143 819
0.2801486526315239 820
0.2809112481090134 821
0.2814803477357334 822
0.28165645879411366 823
0.2818221014137146 824
0.28293797627987277 825
0.28323858020864623 826
0.2835232037639253 827
0.28393739724402534 828
0.28402314666864803 829
0.2840295467800034 830
0.2842140723335256 831
0.2843147166813483 832
0.28461556501418 833
0.2849553521053157 834
0.2855656607196428 835
0.28593666941241097 836
0.286818859442611 837
0.28694597111739084 838
0.28754626538173955 839
0.28801391715919916 840
0.28803630467099844 841
0.28822530354452475 842
0.288295974251849 843
0.28839643118343844 844
0.28867181363903605 845
0.2889174656193221 846
0.2890680701050009 847
0.28919129269772476 848
0.2899651066199337 849
0.29036955177440493 850
0.29183078850908656 851
0.29222224703619043 852
0.29244696394678976 853
0.29254263387910295 854
0.29265485056080476 855
0.2930792513459652 856
0.29407708052370585 857
0.2940818322307184 858
0.29416434603719543 859
0.2942847122071671 860
0.2944989881123071 861
0.29463557396857787 862
0.29560197541715205 863
0.2956807326353735 864
0.29593844985820994 865
0.2961469760217179 866
0.29655196929277805 867
0.29681278948266515 868
0.29700950794455294 869
0.2973144649023618 870
0.2973931772200584 871
0.2984226320617288 872
0.29955671539720846 873
0.2996865643231602 874
0.2997589144063415 875
0.2998691351934933 876
0.30032911113941524 877
0.3005190841398334 878
0.30075078454836657 879
0.3018227447393974 880
0.30196632678885243 881
0.3022552896100899 882
0.30246321520446334 883
0.3025640126909689 884
0.3029265117848366 885
0.30322552755394633 886
0.30325213475741775 887
0.3037397301733808 888
0.3038474139731531 889
0.30424427163557977 890
0.3043472847011825 891
0.30449223328174196 892
0.30500932374249484 893
0.3051191130696678 894
0.30538271026700015 895
0.3054912839529457 896
0.30567809081286224 897
0.30588803909575424 898
0.3061124037563168 899
0.3068507753230445 900
0.3068726922772959 901
0.3073648831414518 902
0.3074855443216024 903
0.307648616379026 904
0.30856988782254136 905
0.30868835469423966 906
0.3087277564206737 907
0.30965162126032325 908
0.3103482937307918 909
0.3106937100105593 910
0.311810115152551 911
0.3121049125743495 912
0.3123887920742924 913
0.3128843938792356 914
0.31340971991893346 915
0.31356884265999035 916
0.3136414132892693 917
0.3138235026233528 918
0.31425240144571503 919
0.3143886151945837 920
0.31442827138660406 921
0.3146911320320478 922
0.31522215828356737 923
0.3157154900926315 924
0.31654906652181164 925
0.31684702264849285 926
0.31692809333724975 927
0.31698292335033135 928
0.31723671282194515 929
0.31736003830578036 930
0.3174976474265921 931
0.3178122799411152 932
0.3181732010056121 933
0.3182100014876757 934
0.3183615438032315 935
0.31887498547206966 936
0.3190051577383632 937
0.3191508076985494 938
0.31935198347487254 939
0.3195177947949628 940
0.3201479257970921 941
0.3203056520168208 942
0.3205568527374145 943
0.3209346165575436 944
0.32166363558423394 945
0.3226480947284408 946
0.3230111971600169 947
0.3230662786447163 948
0.323197851785219 949
0.3233419022361449 950
0.32419911221697495 951
0.3243312745119251 952
0.32434606741438177 953
0.3245666062618524 954
0.3252143318721223 955
0.325673643818458 956
0.3269529311853807 957
0.32712130946850126 958
0.3273555662817654 959
0.3279415712091629 960
0.3284319468405134 961
0.32848129335736415 962
0.32891638400705747 963
0.3291802992764025 964
0.3293711855715101 965
0.3293891236387765 966
0.3295965039050598 967
0.3300944272592297 968
0.3304994326092455 969
0.3310394027506016 970
0.33108736486835766 971
0.3316922339379072 972
0.33212339468988494 973
0.33234225566807035 974
0.33239027238466873 975
0.332791055731621 976
0.3331227538184978 977
0.3331793630849039 978
0.33319090602887264 979
0.3332712802176813 980
0.33352182704932276 981
0.3339968089862411 982
0.3341038521621775 983
0.33436088953358445 984
0.33453584990331586 985
0.33498506060928346 986
0.33603376000602597 987
0.3366964380684316 988
0.3377765033358368 989
0.33783165262029863 990
0.338180539965145 991
0.33823109946779706 992
0.3382585159365648 993
0.33871455326356453 994
0.33917851001726373 995
0.33923114264474713 996
0.33947961014372163 997
0.3406744555838812 998
0.34131452567925935 999
0.3423091831918076 1000
0.3423893743484989 1001
0.34314574241120155 1002
0.3432134551475727 1003
0.3433752504559399 1004
0.34397083839205883 1005
0.3443490664724423 1006
0.34455456476550234 1007
0.34492398165288324 1008
0.3454138041361062 1009
0.3459231123146554 1010
0.3462401596946654 1011
0.3464474679638973 1012
0.3468430005962803 1013
0.34713317388048365 1014
0.3472132765381847 1015
0.3472932655704142 1016
0.3474696923484876 1017
0.34749815223880065 1018
0.3478930270611779 1019
0.3479602791858335 1020
0.34869676204123773 1021
0.34878441572323665 1022
0.34898104890845577 1023
0.3490367926170974 1024
0.3490918604447193 1025
0.34927869079061025 1026
0.3496186553972764 1027
0.3496504963896677 1028
0.34966452694982847 1029
0.34977832975440554 1030
0.35045393261635205 1031
0.35091898894660667 1032
0.35192327420698366 1033
0.35250230731433313 1034
0.3529432467123677 1035
0.3530860631351939 1036
0.35324520012388594 1037
0.3535256887505781 1038
0.35352648766256606 1039
0.35362840208263574 1040
0.35379346098857173 1041
0.35409385559057016 1042
0.3545912605919023 1043
0.3546503580712468 1044
0.35468692087761255 1045
0.35520555322272623 1046
0.35522459219967933 1047
0.3555427256691505 1048
0.3557285550484301 1049
0.3558606636916188 1050
0.3561103018655799 1051
0.3566205773294489 1052
0.35687656924943534 1053
0.3569364830525973 1054
0.357220006437 1055
0.3581937664517153 1056
0.3584247316086111 1057
0.35916843450130104 1058
0.35935718753663315 1059
0.3593577787878987 1060
0.35940323512403516 1061
0.35959150920362715 1062
0.3598941200271571 1063
0.3610554411266371 1064
0.3615044439785877 1065
0.36188331332542834 1066
0.3619344002582247 1067
0.3619867088889082 1068
0.3621903755760289 1069
0.3622491702747179 1070
0.3624811559906171 1071
0.362494718327581 1072
0.36261011168005713 1073
0.3630602152518407 1074
0.3632663436113041 1075
0.36391610316912004 1076
0.3644980261255742 1077
0.3645808281751474 1078
0.3647653282867376 1079
0.3648797164238436 1080
0.3651076414762082 1081
0.36550981861799337 1082
0.36563511516770164 1083
0.36580415330929195 1084
0.366124297532094 1085
0.3663024044070677 1086
0.36713453057478673 1087
0.36819300675249733 1088
0.36847581513731387 1089
0.36852177744633435 1090
0.36864856053295963 1091
0.3687550109529583 1092
0.3690436904734097 1093
0.3694910079501495 1094
0.3701849454604492 1095
0.37084457016722255 1096
0.3713443908645231 1097
0.3714726713772826 1098
0.3715451814926685 1099
0.37159148207316867 1100
0.3718729658649327 1101
0.37200703670253443 1102
0.3721216832267279 1103
0.37216378896732416 1104
0.3734366074841744 1105
0.3738728728568306 1106
0.37519899296143805 1107
0.37528194813705545 1108
0.3757032264282853 1109
0.37595247320499764 1110
0.37717217702412054 1111
0.3773812893682899 1112
0.3775105301012388 1113
0.377773027935925 1114
0.3777757493669079 1115
0.3778080229786472 1116
0.3781968574584161 1117
0.3783251170449848 1118
0.3787956740031518 1119
0.37902399930931197 1120
0.3790811793536835 1121
0.3793554029261191 1122
0.3794787291502608 1123
0.37980257101723075 1124
0.37994909715126335 1125
0.38007883042857965 1126
0.3802699435119313 1127
0.3803395005359585 1128
0.3807573729102222 1129
0.38158091848247394 1130
0.3818459093547656 1131
0.3818841823998839 1132
0.38210121855740986 1133
0.3826571776406988 1134
0.38271116054143917 1135
0.38309141942311054 1136
0.38325619937258865 1137
0.38381740070109066 1138
0.38435089149072793 1139
0.38453724946166723 1140
0.3849569685000379 1141
0.385725561834144 1142
0.3857940247238312 1143
0.3861957791963337 1144
0.3864478308592894 1145
0.387053145550293 1146
0.38724558869213455 1147
0.3873200062380068 1148
0.3875813059737576 1149
0.38760280386538093 1150
0.3877117575784211 1151
0.38792963211325804 1152
0.38801646227019215 1153
0.38821829706330807 1154
0.3885694190287684 1155
0.3886626443011635 1156
0.3894541058072485 1157
0.38986861894919755 1158
0.3898939647435254 1159
0.3900303933812457 1160
0.3907609917871508 1161
0.3909022024672441 1162
0.39092364180458883 1163
0.39108609102889597 1164
0.3912560439568449 1165
0.3914041538540886 1166
0.3914549931978233 1167
0.39196043836028216 1168
0.3924484041379424 1169
0.3926099843766087 1170
0.39286204497444943 1171
0.3928628819092404 1172
0.3930916801313291 1173
0.39310313827069593 1174
0.39339431140555137 1175
0.3934754478657028 1176
0.39372516983379435 1177
0.39373113639140467 1178
0.394297478048077 1179
0.39447343523324185 1180
0.3945337403562449 1181
0.39496529252867607 1182
0.39513889379401956 1183
0.395673760045564 1184
0.39589792400928914 1185
0.396047651815084 1186
0.396455704884471 1187
0.3964713645662081 1188
0.39679783381355455 1189
0.3969173893257171 1190
0.39737919719427045 1191
0.39796804675474085 1192
0.3981472750987305 1193
0.398576806879128 1194
0.3986067340278078 1195
0.39889905015282734 1196
0.3993557234391952 1197
0.39949206173573426 1198
0.39952030067767935 1199
0.399586829345866 1200
0.39974306840050666 1201
0.3999567113916838 1202
0.40023583996585815 1203
0.4003805788549331 1204
0.40102404007071035 1205
0.40247193360381583 1206
0.4026975188289823 1207
0.4027738276224585 1208
0.40353870104454825 1209
0.4039606338578506 1210
0.40417660849650455 1211
0.40474376026026565 1212
0.4052315510969222 1213
0.40528235707353405 1214
0.4057315473753571 1215
0.40593811046070055 1216
0.4059898374426364 1217
0.40617323910670183 1218
0.4062033708849056 1219
0.40684772186354984 1220
0.4071194782530228 1221
0.4072396416808303 1222
0.4074789289891672 1223
0.40759994122942456 1224
0.4081443051419782 1225
0.4086465113465044 1226
0.40872374227214847 1227
0.4089941295451126 1228
0.4096246854869987 1229
0.40977396216514445 1230
0.4098126643162812 1231
0.4098944220270047 1232
0.4113303034250506 1233
0.4118651768581574 1234
0.41201004366763017 1235
0.4122384294910842 1236
0.41227630793183084 1237
0.41256735371606945 1238
0.41283484876004595 1239
0.4128775550115101 1240
0.4131125119606282 1241
0.41321481046905395 1242
0.4134464121187373 1243
0.4134748987444074 1244
0.4137541049638686 1245
0.4137872957227573 1246
0.4139432688846102 1247
0.4142967484402739 1248
0.4144232167557776 1249
0.41513596257646446 1250
0.4153426781035889 1251
0.4153535908823229 1252
0.4159664660351446 1253
0.41740704727675926 1254
0.4174369076780478 1255
0.4176522467455068 1256
0.4178788729179031 1257
0.41824069553816434 1258
0.41908238025832806 1259
0.41964641726424906 1260
0.4196809991109384 1261
0.42095159729006754 1262
0.42126778586996394 1263
0.4217192362857291 1264
0.4218250237777731 1265
0.4225308656903765 1266
0.4227909546657829 1267
0.42319313170025286 1268
0.4237971580923413 1269
0.42428393115354024 1270
0.4247954529788312 1271
0.4255835410993394 1272
0.42579156289877407 1273
0.4261259798834924 1274
0.42620903507465313 1275
0.4262386412281425 1276
0.42668388782541794 1277
0.4272158000044455 1278
0.4273659163588216 1279
0.42742437277759915 1280
0.42742562626266 1281
0.4274534880766928 1282
0.4275665031856863 1283
0.4285837117796547 1284
0.4293062794418929 1285
0.42960626608111235 1286
0.4311352091629528 1287
0.431279335141847 1288
0.4315433370245916 1289
0.431560952976337 1290
0.4315664420625497 1291
0.4316739570187701 1292
0.43172770845533587 1293
0.43195304114592087 1294
0.43197157233035705 1295
0.43273279210925525 1296
0.4327980597548967 1297
0.43397944118098863 1298
0.4340506347413195 1299
0.434369669852117 1300
0.4363389206698392 1301
0.4372262254523031 1302
0.4372886442244072 1303
0.4373158518122946 1304
0.437333358775762 1305
0.4373426153631806 1306
0.4374262408300638 1307
0.4377297079801706 1308
0.4379865409880842 1309
0.4381868005090546 1310
0.43832812462185283 1311
0.4385069300156749 1312
0.43851041809670654 1313
0.43884504599595253 1314
0.43898909832183225 1315
0.4390551024750378 1316
0.4394363367775331 1317
0.4397839815977484 1318
0.4405394685677277 1319
0.440917743002305 1320
0.4413106199020777 1321
0.44131344315996596 1322
0.441476280902599 1323
0.4416127116999957 1324
0.44209454017843963 1325
0.4423804007486117 1326
0.44286792482205467 1327
0.4430620940356624 1328
0.4431094286052645 1329
0.4435436655011876 1330
0.44399274296093894 1331
0.4442219878057031 1332
0.44484396579840085 1333
0.4457024565146411 1334
0.44572255398393895 1335
0.44624594164839176 1336
0.44662332425283613 1337
0.44676852311849063 1338
0.4470473537339182 1339
0.4471141396181844 1340
0.4474128417658605 1341
0.4476881721654289 1342
0.44811391178139004 1343
0.44886931117343953 1344
0.44889464322373607 1345
0.44893991386713616 1346
0.44900480329475945 1347
0.44901676103330285 1348
0.449532558470825 1349
0.4495486360878568 1350
0.44971481531751367 1351
0.449770248521885 1352
0.4499064972843322 1353
0.45003238957782443 1354
0.4500468971465132 1355
0.45057284279164345 1356
0.4506266474696396 1357
0.45164811175219155 1358
0.4516555089515423 1359
0.4517539500909783 1360
0.451827161610687 1361
0.45197064873172793 1362
0.45209827546278225 1363
0.4522370532418213 1364
0.45261518596586375 1365
0.45272800293181353 1366
0.45348003094242867 1367
0.45504569426185804 1368
0.4551920725528459 1369
0.45532074236159303 1370
0.4557220265146293 1371
0.4557857998451946 1372
0.45622245190363736 1373
0.4562297852928478 1374
0.4563770935756271 1375
0.45638619929881225 1376
0.4564150911724579 1377
0.4564652493473121 1378
0.45692172163109124 1379
0.4571931145426623 1380
0.45721957416204473 1381
0.4573069828525561 1382
0.45750412811497804 1383
0.4579396071434354 1384
0.45875883465909034 1385
0.45917008040112833 1386
0.45938524991365465 1387
0.4602926276832342 1388
0.4606534814948307 1389
0.46077398445176226 1390
0.460865584809074 1391
0.4614699354235603 1392
0.4622679111897843 1393
0.46238515040585704 1394
0.46286750400791765 1395
0.4634448964081306 1396
0.4634724234333071 1397
0.46361820322290886 1398
0.4636391198157153 1399
0.4637565991081798 1400
0.46394867802251827 1401
0.4641016788922495 1402
0.4643919666438751 1403
0.46493183474371846 1404
0.46533938245089157 1405
0.46586861756015396 1406
0.4661623576458559 1407
0.46616315472544245 1408
0.466324867072219 1409
0.46667549522331775 1410
0.468020328772585 1411
0.4682084202976014 1412
0.4689403743103465 1413
0.4697279504710223 1414
0.4697526850837864 1415
0.4703417493522988 1416
0.4704754192752002 1417
0.47119607532579033 1418
0.4723873568315002 1419
0.4724173292081475 1420
0.4725056198742361 1421
0.4725852930456101 1422
0.47259343752202926 1423
0.4729185230692239 1424
0.4735324526981622 1425
0.4736451537689989 1426
0.4737886104612686 1427
0.47419764497133515 1428
0.4744360025696059 1429
0.4752732038620424 1430
0.47536847846861274 1431
0.4756392379374205 1432
0.4758740604511364 1433
0.476258228438064 1434
0.47632706761809285 1435
0.4772952849421733 1436
0.47768009422270685 1437
0.47831182742583145 1438
0.47833228060839444 1439
0.47868057811613407 1440
0.4788444015470474 1441
0.4791525969539514 1442
0.47921565604222466 1443
0.47931999004087883 1444
0.4793730749943501 1445
0.4794115726253841 1446
0.4796773941566343 1447
0.4802095448526317 1448
0.4803081868133741 1449
0.4807975101538783 1450
0.4809674595526226 1451
0.4813204977559774 1452
0.4813803866521348 1453
0.48145480588344786 1454
0.481630323101012 1455
0.4822270968342127 1456
0.4824049563543642 1457
0.48276447923332483 1458
0.4827811955374749 1459
0.48279899985247254 1460
0.48285401901953723 1461
0.4835276384818415 1462
0.48452231633103204 1463
0.4849454071972095 1464
0.484952923385098 1465
0.4858607148862697 1466
0.4861555346384769 1467
0.48619431017724696 1468
0.4866923802698326 1469
0.48800297054194286 1470
0.4884670757884472 1471
0.4891634817508824 1472
0.48995383167580137 1473
0.4902908723263336 1474
0.4907099401935552 1475
0.49138325177827963 1476
0.49171899699805266 1477
0.4922836160960275 1478
0.49295126444978205 1479
0.49295863191149325 1480
0.4930639786967449 1481
0.4942677520315696 1482
0.49464796903473296 1483
0.4946708637108153 1484
0.49538002597121944 1485
0.49542393304533844 1486
0.4954978578847575 1487
0.4956293291278572 1488
0.4957121248099963 1489
0.49571605516951 1490
0.4963735378769199 1491
0.49665426096289844 1492
0.4967694958593543 1493
0.49693711831082804 1494
0.4973741309683445 1495
0.4978043494620371 1496
0.4984804330958078 1497
0.49861145884918784 1498
0.4997878502864973 1499
0.49997990115491014 1500
