3.6151281032322764 1
3.6596916264012047 2
3.7221170037329987 3
3.750778224406947 4
3.765050303923256 5
3.7705952695963703 6
3.7730870676968182 7
3.7747666627811016 8
3.779639763668076 9
3.7811233424610364 10
3.7835343458611015 11
3.7860313928480562 12
3.7923140146654943 13
3.7965047070331317 14
3.8034812725426157 15
3.8064386122822436 16
3.8086657254898753 17
3.810263452641051 18
3.815445258772673 19
3.817651706460461 20
3.8181044117994043 21
3.818379565439675 22
3.8208360000434496 23
3.821178510671625 24
3.8256734989132832 25
3.8265665532928694 26
3.829963118790923 27
3.8304179690881037 28
3.8311064888899216 29
3.8314511476424835 30
3.8321544000601175 31
3.833603259367371 32
3.834461157566698 33
3.8353695543907507 34
3.8361005946122426 35
3.8375207874533315 36
3.838795174273134 37
3.839267950641136 38
3.840994854508063 39
3.8422439644417703 40
3.8436473098534796 41
3.844195770770002 42
3.8457644962262134 43
3.8466644840264137 44
3.848673459933916 45
3.855953986342568 46
3.856403303733939 47
3.8567373158690264 48
3.856833522849624 49
3.857200013850924 50
3.857889348673064 51
3.8600439670681523 52
3.8601614662955726 53
3.8612864328378067 54
3.862502017852393 55
3.8626175386637405 56
3.8633365055573807 57
3.8635528297491195 58
3.8654901929122274 59
3.867102251880159 60
3.8696825518165126 61
3.870391629062136 62
3.8718050855904385 63
3.872317783148391 64
3.872439355654648 65
3.873044422144884 66
3.8733383602621316 67
3.8735369501865593 68
3.8742995434821803 69
3.875381374231506 70
3.8756119504610305 71
3.875742201802552 72
3.8759761859587565 73
3.8764379627792085 74
3.876967211119819 75
3.877161577138317 76
3.8775972262568206 77
3.8776047845152686 78
3.8788370974670494 79
3.879370947599797 80
3.8803731479214294 81
3.8807471315351467 82
3.8811623506964206 83
3.8813505561273414 84
3.881802498680143 85
3.8822090717668725 86
3.8833257200325764 87
3.8841524913629057 88
3.885431477459766 89
3.885945359398435 90
3.8904184983409094 91
3.8913021965826182 92
3.891629136322495 93
3.8920414536494645 94
3.8920885581318125 95
3.893415056538612 96
3.894057744760772 97
3.8943149546442184 98
3.894519390596354 99
3.8958676743840406 100
3.8966524853830533 101
3.8969055609957186 102
3.897253132466417 103
3.897642145465657 104
3.8976630263841128 105
3.8982609167436864 106
3.8994092638449356 107
3.899682448613489 108
3.9002065249873477 109
3.900305568178377 110
3.900320077328348 111
3.900368951532224 112
3.9005025793366 113
3.902106284300437 114
3.9026519584626076 115
3.902955793278419 116
3.9033342033599863 117
3.9037720613869857 118
3.903829414962153 119
3.9040679939430727 120
3.90424749801931 121
3.9043522520069236 122
3.904947106956711 123
3.9051874594117324 124
3.906002914466323 125
3.9079720182006374 126
3.909377986372188 127
3.9095746071014434 128
3.9097247385804765 129
3.9097429658607123 130
3.910033849828284 131
3.9101586459346445 132
3.9107265449484556 133
3.911252857775814 134
3.9112660810950692 135
3.9116509552388403 136
3.9120466050725753 137
3.912145535191307 138
3.9124844419464027 139
3.9132489266548056 140
3.913550825369878 141
3.9138058868420065 142
3.9146646733727666 143
3.9153068713549017 144
3.91585282663915 145
3.916989014589579 146
3.9171955341099776 147
3.9173185908519415 148
3.917339380856317 149
3.918140184335332 150
3.9182644265051754 151
3.9183625009335135 152
3.918400652422365 153
3.9192860389231106 154
3.919456522046895 155
3.9199877513863632 156
3.9201596979341087 157
3.9215310238321797 158
3.921553286750965 159
3.922163026229456 160
3.922538367717491 161
3.922789039931018 162
3.9233228744563537 163
3.923633090491568 164
3.9236407379934324 165
3.924296558148928 166
3.9243022731677524 167
3.9245271259257604 168
3.9257644201981448 169
3.9269860253387803 170
3.927136121899705 171
3.9272960824339647 172
3.9275097622676562 173
3.927797489193803 174
3.928484078996753 175
3.928656750601403 176
3.9287646378848495 177
3.928792394712509 178
3.9289322932312345 179
3.9290136127406536 180
3.929122513057786 181
3.9291742846568116 182
3.9296987835335746 183
3.931101561168819 184
3.9313967322618955 185
3.931495558690347 186
3.9315768495186596 187
3.9320807687356516 188
3.93286204266733 189
3.932947781445415 190
3.9349284063571903 191
3.9353695048191333 192
3.9355568104743304 193
3.935583692759532 194
3.9357603294093053 195
3.936111448653645 196
3.9362895940566514 197
3.9363547349365473 198
3.9365383421257354 199
3.9367495607219714 200
3.9379345456374693 201
3.9382572594241405 202
3.938883038039103 203
3.9406617449484336 204
3.9407556759742897 205
3.9413421379371485 206
3.9413825375059375 207
3.9415209804014895 208
3.941688192046745 209
3.942143813986227 210
3.9422880132715226 211
3.9423316381983757 212
3.942887946112598 213
3.943060733169782 214
3.9441613723166267 215
3.9444726456228234 216
3.9444791492375684 217
3.9446364978220374 218
3.9448457829496766 219
3.945508947315591 220
3.9455617100500042 221
3.945911415392288 222
3.946876983747982 223
3.9468951814621276 224
3.9473574840291628 225
3.9478120945784534 226
3.9480182854126 227
3.948054101704398 228
3.9484510097212855 229
3.9485837263898715 230
3.948844379361855 231
3.9492082550785272 232
3.9498810129968276 233
3.9504084929718912 234
3.9510594831164836 235
3.951101325940169 236
3.9521205887493296 237
3.952221607723935 238
3.9536568662063205 239
3.953842497887942 240
3.954067647533097 241
3.9540880444141386 242
3.9543000601258207 243
3.9549391175047957 244
3.9558434134218627 245
3.9562223432854675 246
3.9562325600786385 247
3.956267102842978 248
3.9564876044794413 249
3.9566336767303327 250
3.9567178473512317 251
3.956970694521226 252
3.9577384818388457 253
3.9580651753657716 254
3.958366347728464 255
3.9584770199886017 256
3.9586734822702505 257
3.9589932592673875 258
3.9592046825688025 259
3.960106550049627 260
3.9602829918952196 261
3.960501456388378 262
3.961063548507331 263
3.961115805259414 264
3.961433487630433 265
3.9616122102049487 266
3.961614290168469 267
3.9621243020937933 268
3.9623284195581507 269
3.9626272047707056 270
3.9626353586706853 271
3.9627703898952484 272
3.9629553569572065 273
3.9630029779621916 274
3.963110151585456 275
3.9639605485043385 276
3.9641921257300856 277
3.9642545566435645 278
3.965169459272354 279
3.96544136034347 280
3.967080952200242 281
3.9672661536720133 282
3.967329872216085 283
3.967386886974736 284
3.9673995619724627 285
3.9676196402316557 286
3.967784273048482 287
3.9681511340133757 288
3.968362211393417 289
3.9685389385565606 290
3.968810670239764 291
3.9689633152361963 292
3.9693510087018216 293
3.970118809854495 294
3.9703856807555233 295
3.970618213881983 296
3.9706253530215427 297
3.970780686001582 298
3.970849387821957 299
3.970905440144276 300
3.9710238067851855 301
3.971280952357146 302
3.9713045588472813 303
3.971563169981002 304
3.9716472915146444 305
3.971702116548477 306
3.972068709301368 307
3.9721742897972483 308
3.972442691813969 309
3.972923996483719 310
3.9735721492151606 311
3.973783103975088 312
3.9738358917408547 313
3.974003999467946 314
3.9745431154136486 315
3.974785033762038 316
3.9758508593528896 317
3.9763784882970605 318
3.976956070749228 319
3.9771765533949504 320
3.977544271634323 321
3.977713081373034 322
3.9777908181109582 323
3.9781583393112276 324
3.9793090839078666 325
3.9794274858428995 326
3.9796062012019457 327
3.979640744136649 328
3.979820963792185 329
3.980866584070436 330
3.980926186323783 331
3.980945813335774 332
3.981205252273781 333
3.982430788029504 334
3.9825510720912445 335
3.9826210915194946 336
3.982851247446476 337
3.9831620243767296 338
3.9836109810121765 339
3.983751703927401 340
3.983826432949292 341
3.9844424770720877 342
3.984488701143404 343
3.9846579359145977 344
3.9848838546324394 345
3.9849927533883798 346
3.985690325094577 347
3.9860440650624143 348
3.9868929439855045 349
3.9872115067757554 350
3.9872621593103954 351
3.9875586841761153 352
3.9878427113020787 353
3.987969878709537 354
3.988017966726324 355
3.988127473797823 356
3.988488503676541 357
3.9886410326657735 358
3.9905236777975075 359
3.9907516734298487 360
3.9908354050327577 361
3.990850244922102 362
3.9908792258946906 363
3.991889589917459 364
3.992184069635141 365
3.9927889001239074 366
3.992847486896433 367
3.9930729437765433 368
3.993226204446123 369
3.993239982758181 370
3.993533821549115 371
3.994198437474808 372
3.994282679947289 373
3.994364549816242 374
3.9949501981331994 375
3.994952567516568 376
3.9950072816240394 377
3.995414425952443 378
3.995473239683564 379
3.995671865812884 380
3.995739102135137 381
3.9965936027237303 382
3.996714674066103 383
3.997419741060872 384
3.9974933105876347 385
3.9976863288526174 386
3.9978466566076323 387
3.9984190952502323 388
3.99900869752489 389
3.9991166132593885 390
3.9998464894383314 391
4.00024055098999 392
4.000944097386962 393
4.001181464519262 394
4.001413148330857 395
4.001652744020367 396
4.001654123545602 397
4.001685722491038 398
4.002286710582866 399
4.002446607899269 400
4.002815967176006 401
4.003427762244993 402
4.003558473445143 403
4.003643833624223 404
4.003886021363627 405
4.004119449873919 406
4.004339467911502 407
4.004736510610591 408
4.004893179864928 409
4.005017412639019 410
4.0052091611436875 411
4.005378191326817 412
4.00552265173038 413
4.005694409745887 414
4.005724710028453 415
4.005762438486932 416
4.00595972018292 417
4.005971781860206 418
4.006573872975057 419
4.006577224529471 420
4.007009835962919 421
4.007244137480462 422
4.007462615255638 423
4.007553030648212 424
4.007706857505494 425
4.007938600442982 426
4.007941255086036 427
4.00883167910875 428
4.009168150098592 429
4.009283382998419 430
4.009375011353517 431
4.00939143710707 432
4.009605221698742 433
4.0099886915607685 434
4.010092777303989 435
4.01021239500745 436
4.010291707049229 437
4.010404255911939 438
4.010872809888996 439
4.0108818804401585 440
4.0114862265312805 441
4.011996817531509 442
4.012437883896094 443
4.012440692114674 444
4.012445292096168 445
4.012724847744565 446
4.012747303410634 447
4.01284909425163 448
4.01443352792056 449
4.014618682800754 450
4.014628750287348 451
4.0152209707420035 452
4.015333871874493 453
4.016574653994167 454
4.016925360907063 455
4.017251911068734 456
4.017526198503607 457
4.018037748817022 458
4.018227904590511 459
4.018348788159702 460
4.018705517606332 461
4.01871784064083 462
4.018797262957772 463
4.019655695611997 464
4.019756657046459 465
4.019956153133803 466
4.020116538802565 467
4.020418020441756 468
4.020532491941482 469
4.0206196077851075 470
4.021122926012393 471
4.021137267995173 472
4.021583156608984 473
4.0217055519999425 474
4.0218069362284306 475
4.021869198430271 476
4.022220697567027 477
4.0222648532687755 478
4.022787030274632 479
4.022998917187441 480
4.023047051572543 481
4.0234474294783436 482
4.023979425430195 483
4.0240958262423225 484
4.024659208131881 485
4.0248115201493135 486
4.025137412059031 487
4.025689845839912 488
4.025761617415571 489
4.025944165202252 490
4.026010057266473 491
4.0260394673195306 492
4.026049125390269 493
4.026546188511415 494
4.02656595549287 495
4.027158889747901 496
4.027454103336253 497
4.02760535380981 498
4.028582745702996 499
4.028793908897789 500
4.029232542766849 501
4.029904988320242 502
4.030067920552768 503
4.030183811956479 504
4.0302658091019925 505
4.030407731258476 506
4.030421831731893 507
4.030750370020299 508
4.0313981166787 509
4.031463536913664 510
4.0315207212657205 511
4.0316410471578275 512
4.031816239743963 513
4.031845935901467 514
4.031889539202137 515
4.032134239993212 516
4.03214413519476 517
4.032194528737701 518
4.03248317068728 519
4.032659819880905 520
4.032914708530975 521
4.033094046819672 522
4.033309005391064 523
4.033668935479607 524
4.033999199994153 525
4.03411185596562 526
4.034365932025466 527
4.0344078254817095 528
4.034634832035198 529
4.0353446294534505 530
4.035452999934956 531
4.0362067890920725 532
4.0362889802716815 533
4.0372206219536855 534
4.0374251296594705 535
4.037815048658637 536
4.037944737460582 537
4.038154131345837 538
4.038690924485359 539
4.038815327282636 540
4.0388492427859415 541
4.038941209872303 542
4.038974204522979 543
4.039574189749205 544
4.039641202001658 545
4.0397778184922775 546
4.040698879717808 547
4.040792680278776 548
4.0408831183327365 549
4.041016344039095 550
4.041112013229429 551
4.04116326928985 552
4.041483707509121 553
4.041697739740728 554
4.041866660758838 555
4.042129726407548 556
4.042672043383054 557
4.0427360426770464 558
4.042869802058781 559
4.043333441273815 560
4.043484980378498 561
4.043883927952625 562
4.04422081495165 563
4.044231394491926 564
4.044411473882694 565
4.044661640103233 566
4.044700702832338 567
4.044759572786118 568
4.044795696097051 569
4.0452788538334055 570
4.045432618358904 571
4.0457885419585295 572
4.045794035290424 573
4.045820008851976 574
4.046037577500054 575
4.046125402518212 576
4.046183722018663 577
4.046306156076067 578
4.046446565394367 579
4.046533908722264 580
4.046590802742585 581
4.046683134444875 582
4.046782615142218 583
4.047058284205215 584
4.047340555639279 585
4.047403361594193 586
4.048124218050077 587
4.048297691599008 588
4.048322542023237 589
4.0483620177651645 590
4.048964033685479 591
4.049084244402819 592
4.049372216904402 593
4.0494176121640475 594
4.049954707110215 595
4.049959901990536 596
4.050005422434659 597
4.0502592418844925 598
4.050295315161796 599
4.050515727341619 600
4.050547298111501 601
4.0509077108709715 602
4.051061424601363 603
4.051318636273361 604
4.051509560592334 605
4.051711982993826 606
4.052202490350414 607
4.052384291308131 608
4.052914994323981 609
4.053133287397335 610
4.053144552216429 611
4.053259059660015 612
4.053755320583625 613
4.0546463327761595 614
4.0550686710771755 615
4.055169357567245 616
4.055200095710312 617
4.055901490378352 618
4.055924123280842 619
4.0559993862755475 620
4.056179387529061 621
4.056531152741616 622
4.056582352297453 623
4.056623989628434 624
4.0567644301060595 625
4.056790228837595 626
4.056955826120093 627
4.057119968823733 628
4.057377921055875 629
4.0575385638867445 630
4.05791348678066 631
4.058022372570772 632
4.058309939687949 633
4.058599837804814 634
4.058629756942844 635
4.058707498198617 636
4.058793508526491 637
4.058993989770836 638
4.059228712085147 639
4.059320122515764 640
4.059982298134226 641
4.060086881770469 642
4.06023019451919 643
4.060457895362617 644
4.060481406433556 645
4.060662636483068 646
4.0609395573749625 647
4.061739822800858 648
4.0620189204565085 649
4.062619332772658 650
4.062814712901057 651
4.062874956394228 652
4.0629127075389455 653
4.062928959929182 654
4.063087846989919 655
4.063129768165357 656
4.063357704161574 657
4.063427527383925 658
4.063560839326939 659
4.063853746470238 660
4.06408635614576 661
4.064177308944729 662
4.064340772266709 663
4.064541270168768 664
4.064825163172771 665
4.065298076791315 666
4.065591074765922 667
4.065733165788185 668
4.065804599648381 669
4.066210759848694 670
4.0665296751429665 671
4.066983705885411 672
4.067478082119988 673
4.067951434359664 674
4.068541817117152 675
4.068561435880701 676
4.068746659421221 677
4.068793802033209 678
4.06893277979193 679
4.069059794448108 680
4.069501682726663 681
4.069872364089042 682
4.070063261535472 683
4.070659681981024 684
4.0710911851136 685
4.07158032196929 686
4.071817386767995 687
4.071856781754902 688
4.072071065166273 689
4.072158430333027 690
4.072224774759397 691
4.07265711772435 692
4.073037565291104 693
4.07335869343061 694
4.0733674033864595 695
4.073480900457159 696
4.073559242084506 697
4.0738962288642915 698
4.07437562715168 699
4.074449896040393 700
4.07449861499271 701
4.075585415895006 702
4.075608674174267 703
4.075856968642358 704
4.076148624622383 705
4.076217947891588 706
4.076840776851728 707
4.076972734104571 708
4.076977102663035 709
4.077190746669414 710
4.077852635772744 711
4.077971503094186 712
4.078082210071482 713
4.0783906480211165 714
4.078658518648569 715
4.078676696503082 716
4.079081992588891 717
4.079347343019132 718
4.079558441611244 719
4.079764302454557 720
4.079840780502576 721
4.079897345124397 722
4.080058226239913 723
4.080634443011744 724
4.081016586894703 725
4.081094341621088 726
4.081489424569602 727
4.081685607111337 728
4.08195887488992 729
4.082050382196548 730
4.082205573045605 731
4.082243313432759 732
4.082542453512214 733
4.082555412768129 734
4.082640041913723 735
4.082717372565548 736
4.0835104968985085 737
4.083790772780905 738
4.083814899385424 739
4.083994629689056 740
4.084004405942765 741
4.08419859309878 742
4.084266744450778 743
4.084566490038581 744
4.084600334618204 745
4.084707615534573 746
4.085144877873394 747
4.085171954338965 748
4.085272636997949 749
4.086407279355181 750
4.086518233465446 751
4.086582151976648 752
4.086611505126835 753
4.08676932084939 754
4.086875830465033 755
4.0870993328529295 756
4.087225419353157 757
4.087244923183721 758
4.087417920684681 759
4.087604048514094 760
4.087826332859608 761
4.087865868584597 762
4.087872450484376 763
4.087895579614715 764
4.0880655910101344 765
4.08843338750673 766
4.088819521721665 767
4.088902234396438 768
4.08896463868563 769
4.089029018016221 770
4.089339613232033 771
4.08979491469705 772
4.089813598507216 773
4.089905449380091 774
4.0899566122650235 775
4.090078616113647 776
4.090079361476 777
4.090091225666733 778
4.090162380672144 779
4.090450808486579 780
4.090688519874426 781
4.091075327884501 782
4.091086824382224 783
4.091649495451683 784
4.091684355374971 785
4.092040696821311 786
4.092444293604552 787
4.092494503478624 788
4.092627583367671 789
4.092628438840658 790
4.09266547893567 791
4.09298144367166 792
4.093081572092833 793
4.093086003599614 794
4.093339213687669 795
4.093474622530846 796
4.09375331635125 797
4.093830903487981 798
4.093895871227954 799
4.094038608571041 800
4.094190575775154 801
4.094254509105103 802
4.094338930455797 803
4.094454420447686 804
4.094626392851423 805
4.094772323925203 806
4.094853147971087 807
4.0951130333746235 808
4.095115192116767 809
4.095131110760953 810
4.095313666550296 811
4.09560159955132 812
4.096405109060427 813
4.096422198165251 814
4.09723828455876 815
4.0973292369789975 816
4.097331915730067 817
4.0976274288515775 818
4.097895748204559 819
4.097959965670724 820
4.098248049054089 821
4.098255476306937 822
4.098463974582883 823
4.09934375038839 824
4.099659190864063 825
4.100068300412775 826
4.100120332694208 827
4.100131656523805 828
4.100309402408518 829
4.1003150451714925 830
4.100424271364267 831
4.100452946485099 832
4.101190352469232 833
4.101720899612434 834
4.101900368582578 835
4.10226435651541 836
4.102327610055262 837
4.102667447135582 838
4.1027759602397085 839
4.103131754872159 840
4.1032693408333225 841
4.103502983969048 842
4.103565414802565 843
4.10426870929817 844
4.104355658271655 845
4.10439803891475 846
4.104546501021645 847
4.105332871130851 848
4.105538157906679 849
4.105754114772659 850
4.10581216149311 851
4.106119823871735 852
4.106294559470988 853
4.1065078999849405 854
4.106744610158269 855
4.106763405586874 856
4.106774941830017 857
4.106813333329419 858
4.107818206535327 859
4.108022981622291 860
4.108329560294635 861
4.10866388451525 862
4.108789967136225 863
4.108889721848089 864
4.108955286387241 865
4.1093015856227995 866
4.109501441621269 867
4.109791430097703 868
4.109992486545965 869
4.110225778516188 870
4.110299083844459 871
4.1104570539385135 872
4.110499169145661 873
4.110604624373908 874
4.111069474463394 875
4.111140284076734 876
4.111444854062662 877
4.111947591074013 878
4.11195531157506 879
4.1121364190075465 880
4.112159858048342 881
4.11222217812407 882
4.112241782362461 883
4.112412104150947 884
4.1124452111829255 885
4.112550149400972 886
4.1128935811245935 887
4.112993745677694 888
4.1133141528355 889
4.113392745209304 890
4.113395021975501 891
4.113561493636256 892
4.113663912372702 893
4.113788043063392 894
4.114097225376648 895
4.1145014591773075 896
4.114698964956968 897
4.115083050437119 898
4.115141514984355 899
4.115475195895931 900
4.1161641773109405 901
4.116270023970366 902
4.116365398579733 903
4.116524592508007 904
4.116868912069518 905
4.116938937660569 906
4.116986271948719 907
4.117601779016261 908
4.118388653777999 909
4.118961940040623 910
4.119533430690911 911
4.119581667119456 912
4.1198103188061195 913
4.1202208950317285 914
4.1203827642565765 915
4.120386828955327 916
4.120389713257956 917
4.120490939256001 918
4.120630311927569 919
4.121278471008486 920
4.121757449975282 921
4.1220820232120134 922
4.1223175489101225 923
4.122386930288891 924
4.122609149773381 925
4.122631583538059 926
4.122801840896384 927
4.1228606551502684 928
4.1229797252780065 929
4.123102392624845 930
4.123336413994684 931
4.1233395399984465 932
4.123356041638991 933
4.123715114953938 934
4.1237492987368745 935
4.123933961063628 936
4.124180308420865 937
4.124558694620349 938
4.1245599650179114 939
4.124678653985335 940
4.125253588824382 941
4.125367991314013 942
4.125814254382677 943
4.1259049601035125 944
4.125963255902912 945
4.12604341171713 946
4.126154139446236 947
4.126197946386893 948
4.126319953603227 949
4.127498530381243 950
4.127842436895254 951
4.128066762269425 952
4.128419061735692 953
4.128637383155794 954
4.1293311437496 955
4.129436060441901 956
4.129461040263323 957
4.1295500075301295 958
4.1297594904729955 959
4.129998288685492 960
4.1302307775464415 961
4.130423657534572 962
4.130979586353407 963
4.131149804454845 964
4.131179594981376 965
4.131315750002255 966
4.131513332830963 967
4.132270447704582 968
4.1323346214013705 969
4.132404404867951 970
4.132554363949221 971
4.13266925665771 972
4.13273347194817 973
4.133595535734213 974
4.133866352716759 975
4.1340246900182045 976
4.13407196703002 977
4.13447697030529 978
4.134844170104596 979
4.135004054248045 980
4.135299761426206 981
4.135442735599548 982
4.135606593922223 983
4.136461900736061 984
4.136464823151266 985
4.136578277572361 986
4.136604002575115 987
4.136716123744268 988
4.136920272502221 989
4.137253518597449 990
4.13742326074112 991
4.137549242238906 992
4.137549343223182 993
4.137909240821799 994
4.137988634140699 995
4.13820784220506 996
4.138582695602965 997
4.139402828811281 998
4.139827434573683 999
4.1398739771145046 1000
4.139927854839205 1001
4.140207146377791 1002
4.140689176937257 1003
4.141078045503063 1004
4.141227442612583 1005
4.141440779557574 1006
4.14146879021198 1007
4.141496833972603 1008
4.141579177879794 1009
4.1416240716254835 1010
4.141953946648569 1011
4.142039188148019 1012
4.142439739214836 1013
4.142783599225547 1014
4.142943087789247 1015
4.14351798134206 1016
4.143689972307971 1017
4.143841219228628 1018
4.144277834243673 1019
4.14430559841784 1020
4.144495270896753 1021
4.144532368964443 1022
4.144536515266344 1023
4.145301444748548 1024
4.145646938457385 1025
4.146056044504231 1026
4.146065885931715 1027
4.1460860691511945 1028
4.146107186698875 1029
4.1461096278014535 1030
4.146109675838518 1031
4.146159663610051 1032
4.146281547776915 1033
4.146335574223849 1034
4.146526152911934 1035
4.146548948848668 1036
4.14658711988802 1037
4.146644284681762 1038
4.146773127162663 1039
4.1468323727266485 1040
4.146984760861237 1041
4.147514354376508 1042
4.147750018907891 1043
4.147849807855293 1044
4.148163762602542 1045
4.148418627757492 1046
4.149310509515378 1047
4.149357722375582 1048
4.149570499684868 1049
4.1499337696955445 1050
4.150097364753342 1051
4.1503889330237005 1052
4.150645929701171 1053
4.1507735454604004 1054
4.15079745134533 1055
4.151018681689578 1056
4.151180261067989 1057
4.151382289521545 1058
4.151668361503969 1059
4.152043450449634 1060
4.152161881441346 1061
4.152268457540963 1062
4.1525021707695595 1063
4.152516510429255 1064
4.153985055792278 1065
4.154297604794687 1066
4.154376691170199 1067
4.155090632212837 1068
4.155470123195957 1069
4.1554884480460474 1070
4.156143492507686 1071
4.156290360062439 1072
4.156384681908946 1073
4.156679773667449 1074
4.1569527078267345 1075
4.157121123170264 1076
4.157131818032079 1077
4.157150658935784 1078
4.157243759931937 1079
4.157372543720533 1080
4.15750778108779 1081
4.157689192950659 1082
4.1579495164161635 1083
4.158081310373049 1084
4.158358932677587 1085
4.158618141589875 1086
4.159157038651845 1087
4.159191098342978 1088
4.159431706575051 1089
4.160546300389896 1090
4.160712253380598 1091
4.161188767012517 1092
4.161205065682919 1093
4.1614072398042135 1094
4.1617686432367025 1095
4.161869106896412 1096
4.1623439334763095 1097
4.162567169856464 1098
4.162920523689209 1099
4.163977444837887 1100
4.164329222072361 1101
4.164757700597053 1102
4.164943150343865 1103
4.165079628582035 1104
4.165299978449987 1105
4.165637789409854 1106
4.165862680053925 1107
4.165942109773271 1108
4.165961050252368 1109
4.166070625728901 1110
4.166406125355839 1111
4.16680755595708 1112
4.167094378167943 1113
4.167449232659839 1114
4.167788792051485 1115
4.167955938050285 1116
4.168042467179495 1117
4.16853510484087 1118
4.168793021743645 1119
4.168890902159702 1120
4.169262141341682 1121
4.170489482239866 1122
4.170728049147485 1123
4.170863330097865 1124
4.171209032486943 1125
4.171409589746766 1126
4.171475511105454 1127
4.171600108614161 1128
4.172328890446569 1129
4.172729143511073 1130
4.172972880465339 1131
4.173354566471072 1132
4.173527381128556 1133
4.173607888497119 1134
4.173787311719194 1135
4.173868101748058 1136
4.174429337488866 1137
4.174527251161287 1138
4.174836970492834 1139
4.174905058329753 1140
4.174965770642576 1141
4.175031945536803 1142
4.175520699681905 1143
4.1755453393279565 1144
4.175769293638031 1145
4.175785898766005 1146
4.177210069764439 1147
4.177269857024773 1148
4.177379649456705 1149
4.177549979417022 1150
4.177953023799021 1151
4.178232607709397 1152
4.178320512253301 1153
4.178465071100386 1154
4.178797826560325 1155
4.178958560830527 1156
4.179084021203444 1157
4.180033913451862 1158
4.180156299757711 1159
4.180296921834771 1160
4.180457350806183 1161
4.180570942814205 1162
4.180721653216895 1163
4.1812257679848885 1164
4.181284570252597 1165
4.182093810832263 1166
4.18211300802138 1167
4.182579205428829 1168
4.182731947305881 1169
4.183269941285419 1170
4.183301725582062 1171
4.183327232032457 1172
4.183572003179954 1173
4.184149266382296 1174
4.184298143018688 1175
4.185372616369915 1176
4.186263314248095 1177
4.186625603661445 1178
4.1869352651573255 1179
4.187404797191947 1180
4.187413053546665 1181
4.187963288839984 1182
4.188149971978829 1183
4.188658341922173 1184
4.189961360378399 1185
4.189980581314794 1186
4.190046181809818 1187
4.190471186525548 1188
4.190548053381678 1189
4.190818570266618 1190
4.190935129047096 1191
4.190984627025763 1192
4.191367949701208 1193
4.192002065983572 1194
4.192062925075665 1195
4.192101034415924 1196
4.192286323259524 1197
4.192502114872707 1198
4.192948216766944 1199
4.193461130834152 1200
4.19348617337004 1201
4.194257899863389 1202
4.194360530705899 1203
4.194992085709087 1204
4.195461503956949 1205
4.195571382970494 1206
4.195861835117802 1207
4.195972143438724 1208
4.19672753837848 1209
4.197292676011503 1210
4.197356745345514 1211
4.19744454045659 1212
4.197583478951059 1213
4.197688298903009 1214
4.197794543513084 1215
4.1980021819213444 1216
4.1985317641244535 1217
4.1990615465845265 1218
4.199759802500981 1219
4.200050120085558 1220
4.200206219764927 1221
4.200227440722042 1222
4.200672516853375 1223
4.200794038643812 1224
4.201873973784936 1225
4.20208653063911 1226
4.202948880660284 1227
4.203110759459759 1228
4.204078336655244 1229
4.204426075862092 1230
4.20447833540052 1231
4.204499705521654 1232
4.2052543310536885 1233
4.205584668640001 1234
4.205709125330524 1235
4.205754660509021 1236
4.20585834404209 1237
4.206015158987492 1238
4.207634559219176 1239
4.208155972998153 1240
4.208863370428444 1241
4.208955083498071 1242
4.2090563943700765 1243
4.209912672950515 1244
4.210618758278536 1245
4.210912472553531 1246
4.211287334007494 1247
4.212046432730613 1248
4.212641887981692 1249
4.212885422421749 1250
4.213331262541922 1251
4.213474441581076 1252
4.213480765593528 1253
4.2136036409514395 1254
4.214085732677167 1255
4.2141562682971285 1256
4.214470451354605 1257
4.21454175785765 1258
4.214945802969965 1259
4.2150901617618866 1260
4.215345213656046 1261
4.2156519707747035 1262
4.216056789189183 1263
4.216182895440546 1264
4.217357467568984 1265
4.217428329879554 1266
4.2175527159498785 1267
4.2175857736191045 1268
4.219283208336767 1269
4.2195369181802524 1270
4.219694416462681 1271
4.219949373188775 1272
4.220180076913586 1273
4.221022386771345 1274
4.221199253595339 1275
4.221450362958553 1276
4.222096583904683 1277
4.223207507102868 1278
4.223706320584131 1279
4.223820936025926 1280
4.223827656238506 1281
4.22396572819875 1282
4.226440889741808 1283
4.227278668053648 1284
4.227609944151344 1285
4.227942778303774 1286
4.228076146761112 1287
4.228165642963521 1288
4.229712896641998 1289
4.229770743905562 1290
4.229851497329992 1291
4.230283768396894 1292
4.230607648774189 1293
4.232031184849627 1294
4.232273805475752 1295
4.232342185779539 1296
4.232787010008859 1297
4.233203788920338 1298
4.233263664066535 1299
4.233321269386706 1300
4.233682681620781 1301
4.233965593980916 1302
4.234031234615428 1303
4.2341724398497345 1304
4.234299707744544 1305
4.234366592622275 1306
4.234523461554666 1307
4.2345284498233635 1308
4.23612843597543 1309
4.2361713002704215 1310
4.236608922218495 1311
4.236775083854199 1312
4.236877408530645 1313
4.23724818673201 1314
4.237525136166665 1315
4.237647829002077 1316
4.237939894684987 1317
4.238127922920821 1318
4.23820894993851 1319
4.238946653262171 1320
4.239548563852134 1321
4.2410632535621176 1322
4.241123275793702 1323
4.2411516478843385 1324
4.241297438534694 1325
4.242407704475781 1326
4.243084610364186 1327
4.2435416384243725 1328
4.244112756785591 1329
4.244651289568903 1330
4.244854677882232 1331
4.245363862163665 1332
4.246048963077998 1333
4.24646879116166 1334
4.246941628211583 1335
4.24726565076931 1336
4.2474945748318556 1337
4.24933084758734 1338
4.249834301334572 1339
4.249962160173148 1340
4.250121231241474 1341
4.250880495414565 1342
4.251267380631136 1343
4.251859355633433 1344
4.252046072131485 1345
4.252074059906681 1346
4.252186733991997 1347
4.253801204896655 1348
4.254248884116356 1349
4.254338675446964 1350
4.255120359525715 1351
4.255238378460621 1352
4.255485670313907 1353
4.256718998644509 1354
4.256876818910949 1355
4.257041186969914 1356
4.257210128802966 1357
4.259252944115148 1358
4.259603002130097 1359
4.259997723454252 1360
4.260231521132974 1361
4.260653307373865 1362
4.260983685576552 1363
4.261728586225052 1364
4.261897614854957 1365
4.262173351927713 1366
4.2637008388036515 1367
4.2652015077625345 1368
4.265399228544494 1369
4.266120087780463 1370
4.266237741285115 1371
4.267497778024341 1372
4.268317639462157 1373
4.268646572933209 1374
4.268677429946078 1375
4.268939866294025 1376
4.269089630550379 1377
4.270053338250308 1378
4.27063710516156 1379
4.2709367421917594 1380
4.271489144590268 1381
4.271936258424027 1382
4.272499394275546 1383
4.2726914484345055 1384
4.273322171797765 1385
4.273838794526323 1386
4.274450964545185 1387
4.274902575337025 1388
4.275054665997116 1389
4.2756250976300665 1390
4.276231352417218 1391
4.276910638881209 1392
4.276990665309637 1393
4.2773157826597075 1394
4.2773828964194305 1395
4.27763670434849 1396
4.277643251322895 1397
4.278548442350259 1398
4.279971990227952 1399
4.280216368132792 1400
4.280432902219581 1401
4.280454275299754 1402
4.280511747380578 1403
4.280940261273993 1404
4.282031120314714 1405
4.282420763647138 1406
4.28244958597116 1407
4.282481290496973 1408
4.283076465454865 1409
4.283644360105738 1410
4.284041972361984 1411
4.2845598017724065 1412
4.284636889429881 1413
4.284739424157558 1414
4.285302784034277 1415
4.287656022265475 1416
4.288278758486734 1417
4.289060947640761 1418
4.289454626854147 1419
4.290663525159034 1420
4.291076353752804 1421
4.2920562578012635 1422
4.292143160074418 1423
4.294430647602801 1424
4.294818995985895 1425
4.297107649211171 1426
4.297501089554808 1427
4.299602570655466 1428
4.3011275291979025 1429
4.301313224498224 1430
4.301540624853004 1431
4.302353581227116 1432
4.305128660021441 1433
4.30664650394638 1434
4.306998876811462 1435
4.309635247339036 1436
4.311731745928085 1437
4.31272412139685 1438
4.313388771579465 1439
4.314071673942872 1440
4.314970777856668 1441
4.315374418327586 1442
4.316488985843122 1443
4.316596112580191 1444
4.316627134649276 1445
4.319463060252122 1446
4.319944378800174 1447
4.320482730166889 1448
4.320934421016279 1449
4.321236920652828 1450
4.321733300301833 1451
4.32721399784995 1452
4.32833177899757 1453
4.328668251120401 1454
4.329105734702887 1455
4.329836258855818 1456
4.32999243709617 1457
4.333401530520428 1458
4.333576487965973 1459
4.334900359880945 1460
4.335126184953462 1461
4.33609582961171 1462
4.336226632431268 1463
4.3363029023871995 1464
4.33832620632967 1465
4.338772786371854 1466
4.343496270225979 1467
4.344047337638843 1468
4.344287731283384 1469
4.344404625484641 1470
4.345305384858954 1471
4.34682159107144 1472
4.348590310128394 1473
4.350716552912988 1474
4.353601572808882 1475
4.353948397186629 1476
4.3556761562715005 1477
4.356447028094869 1478
4.357849669607789 1479
4.3617230504520235 1480
4.361972028089866 1481
4.362744136310389 1482
4.367897300725924 1483
4.369063867085096 1484
4.370871669198221 1485
4.3713751262431 1486
4.372537211841425 1487
4.373959486297541 1488
4.382991790523201 1489
4.384616821541609 1490
4.385995840428483 1491
4.389269852252038 1492
4.390519273172945 1493
4.423092259120348 1494
4.426856698722308 1495
4.430750633021947 1496
4.450451696839163 1497
4.457639475329248 1498
4.457707174295203 1499
4.484140131530328 1500
