2.227210260941081E-4 1
5.307012703398285E-4 2
5.389403058015385E-4 3
8.759956008790316E-4 4
0.0015685478659756005 5
0.0015927135207452483 6
0.0023511438924975754 7
0.002705427576053465 8
0.0027706083717612957 9
0.0028442084248257453 10
0.002881166023273096 11
0.0031759205520217612 12
0.0033207983599911057 13
0.0036973855356948197 14
0.0037928636358399706 15
0.004076540389902684 16
0.004252039007601128 17
0.004422388208864368 18
0.004615990323131091 19
0.004691008246082484 20
0.004823015503329476 21
0.005248687596616451 22
0.0063882004334727144 23
0.0063940099253767 24
0.0064772796526651475 25
0.007227818582417502 26
0.007532654522462934 27
0.007719892373644568 28
0.008307572225319968 29
0.0087934469463663 30
0.008958444151016265 31
0.0091187059632149 32
0.009440069894976035 33
0.009559351344351485 34
0.010435191224420715 35
0.01044521500125073 36
0.01053825743733072 37
0.011242230882158923 38
0.011419538613410607 39
0.011623079119309933 40
0.012229734724616914 41
0.01264416460068385 42
0.013598628117879378 43
0.013699634656152485 44
0.014217341748203332 45
0.014295000324420831 46
0.01503777532304712 47
0.015217419526923737 48
0.015432105304527268 49
0.015593369589679551 50
0.015771067426769477 51
0.016725868931662453 52
0.016755621772445547 53
0.017072392331503313 54
0.017508009557612617 55
0.01780480635415776 56
0.01805808985814356 57
0.018617907685677667 58
0.01899117608454814 59
0.019018673843532004 60
0.01923090556465934 61
0.019705604390437285 62
0.01982161178793434 63
0.020163497219045538 64
0.021596469273626854 65
0.022484250070516455 66
0.022883526643577012 67
0.023002726365309586 68
0.023474496793732588 69
0.02374564163056359 70
0.023801848402101082 71
0.02413025155087339 72
0.024783301893543826 73
0.02570466762081457 74
0.025792311867767644 75
0.02653425167089629 76
0.02683558224274447 77
0.027451250304885544 78
0.027470261761428423 79
0.027474034052818903 80
0.02782573659443965 81
0.028867026810378726 82
0.02925851583191802 83
0.029270831745279897 84
0.02943444288431802 85
0.031260350153604295 86
0.031496668985414755 87
0.031783016305187047 88
0.03184418936675221 89
0.03194860285121027 90
0.032280746446123595 91
0.032526275473741824 92
0.032675631117192794 93
0.03274191502051905 94
0.03278274542081173 95
0.032981371823242296 96
0.033521310990411515 97
0.03386150005212951 98
0.03408009528179334 99
0.034565625656283516 100
0.03466355105170743 101
0.03490950916614822 102
0.03518196175833199 103
0.0353338938028725 104
0.035343129037090575 105
0.03557582789577286 106
0.036128402798802355 107
0.03616240178360135 108
0.03621648795746098 109
0.03631225742197753 110
0.03678793838992944 111
0.0372495794903434 112
0.03736738932849497 113
0.03737599567341837 114
0.03740851291736531 115
0.03757457324339302 116
0.03818872801113782 117
0.038304060729733906 118
0.03899636532363193 119
0.03947738136986262 120
0.040499089642106086 121
0.040764555388689235 122
0.04097855098466546 123
0.041127341761809495 124
0.041895638578385457 125
0.04221791102220691 126
0.04289690039766059 127
0.043284360431389605 128
0.04369326091667386 129
0.04389074647361252 130
0.044093217952750896 131
0.04495752366057127 132
0.045338843702999565 133
0.04543866319749663 134
0.04545439943655445 135
0.04632803640723247 136
0.04698943422201408 137
0.047183748298085346 138
0.04723783632138182 139
0.047334924170743024 140
0.04751234662711283 141
0.048850639347159226 142
0.04887696360898214 143
0.049210472488482856 144
0.049507697740322265 145
0.04964948362674465 146
0.04967195819886227 147
0.05010882208504598 148
0.05036601629804411 149
0.050477030764494 150
0.05062831142522406 151
0.05089713462731638 152
0.05112406196690944 153
0.05126007249319725 154
0.0512838890914294 155
0.05177068738652403 156
0.052475783311337454 157
0.052799293244454815 158
0.05283465836746525 159
0.053289450563108166 160
0.053362497678146 161
0.053814945667511986 162
0.053904968849968316 163
0.05401441434002258 164
0.05442692262981534 165
0.05510716782239078 166
0.05515733715510824 167
0.05524263137949353 168
0.055298818919836124 169
0.05560828831329256 170
0.05561793533919129 171
0.05568877287393474 172
0.05579739939186119 173
0.05584229804527459 174
0.05605786424232633 175
0.056110835741864214 176
0.05622916416146968 177
0.056443358944908525 178
0.05655136279981433 179
0.056709730303137085 180
0.05708129299361709 181
0.05725540396183199 182
0.05756892981182211 183
0.057986666048078665 184
0.0583999018827356 185
0.05845104404563751 186
0.05856659690632541 187
0.05860122567729999 188
0.0586304118139202 189
0.0590356253411748 190
0.059234641298277046 191
0.059337860392547195 192
0.060141148362757364 193
0.06021751023243229 194
0.06024368548400615 195
0.06029956524933433 196
0.06048363811197032 197
0.06160480440548982 198
0.062477451099715094 199
0.06255900632541932 200
0.06291568158818972 201
0.06345114202370955 202
0.0634904308204551 203
0.06402065356395033 204
0.06408549932655083 205
0.06430895587285806 206
0.06447947064551157 207
0.06454211362946655 208
0.06519379108571702 209
0.06525568931372855 210
0.06525701806609789 211
0.06546301312968794 212
0.06555144117876344 213
0.06561818664378738 214
0.06579663544360456 215
0.06612496511412458 216
0.06623106125188308 217
0.06627993064720579 218
0.06642327234352753 219
0.06645231133202062 220
0.06674417381902104 221
0.06710041908726583 222
0.06724252351024368 223
0.06724502117151418 224
0.06741722954748325 225
0.06749379913874431 226
0.06784229114139156 227
0.06840339177851794 228
0.06852966515880643 229
0.06891494751676407 230
0.06962582992894643 231
0.07034481932498311 232
0.0706143434468578 233
0.07073030544287463 234
0.07082169058553556 235
0.07099509017037851 236
0.07126727891387606 237
0.07170431997554177 238
0.07207808961930649 239
0.0720951096224211 240
0.07218278767362578 241
0.07224429452585741 242
0.07227903805976871 243
0.07238706448713259 244
0.0725879603010047 245
0.07261958003161112 246
0.07438395058909882 247
0.07438489421091243 248
0.07462319196054507 249
0.07499989670569175 250
0.07506889369147242 251
0.07507139151297816 252
0.07541883195795072 253
0.07554667994899857 254
0.07692056623404638 255
0.07737238321302244 256
0.07782023123547033 257
0.07855333928013099 258
0.07857897305818445 259
0.07872413836414494 260
0.07872872024074277 261
0.08047578014104789 262
0.08097939262270411 263
0.08110095851239835 264
0.08164325884363537 265
0.08189158549264407 266
0.08226308831511808 267
0.08238996611955039 268
0.08251916996473872 269
0.08280124897447506 270
0.08330565543193218 271
0.08436167412934299 272
0.08455090876581844 273
0.0848400479032776 274
0.08554357994939443 275
0.08635785376984231 276
0.0864540564548861 277
0.08663986481648624 278
0.08696310361160181 279
0.08719920418124834 280
0.08725275039744355 281
0.0873158795802132 282
0.08742326963003788 283
0.0875029368989139 284
0.08774094797256315 285
0.08774206528461988 286
0.08801617545890901 287
0.08840695888877376 288
0.08871203012368134 289
0.08896382641535934 290
0.08915608224417179 291
0.08920547678130361 292
0.09137690476532938 293
0.09139163877389304 294
0.09141760992818698 295
0.09163289849566818 296
0.09176625993772904 297
0.09192066331347894 298
0.09211039347319094 299
0.0922344604729252 300
0.09265886087990075 301
0.09327610372088224 302
0.09415523418119938 303
0.0946557666800094 304
0.09510771949806604 305
0.09511482109410185 306
0.0951491835012908 307
0.09604471947260894 308
0.09673235399572278 309
0.09694762644819767 310
0.09764917118123485 311
0.09769494208379151 312
0.0977281056923268 313
0.09793433379918677 314
0.0979859015248481 315
0.09804620809845829 316
0.09829188022407431 317
0.09834804978424218 318
0.09836406474044261 319
0.09882768053062296 320
0.09996384110084179 321
0.1000780108871671 322
0.1008868338161571 323
0.10169229923000678 324
0.1019033666653464 325
0.10201245610319457 326
0.10205029846664275 327
0.1022660681249118 328
0.10266631759939747 329
0.1033649354379289 330
0.1034114933554308 331
0.10368599884843754 332
0.10429823631018617 333
0.10472398075060989 334
0.10515800079189895 335
0.10522603960012067 336
0.10560777138774864 337
0.10598543057668044 338
0.10627711968022437 339
0.1066307953957383 340
0.10674882207444066 341
0.10697736617410318 342
0.1072805864349901 343
0.10741684204141644 344
0.10776408566694719 345
0.10813150687766407 346
0.10814041980545275 347
0.10823883630700375 348
0.10886221255757862 349
0.11027422179234565 350
0.11038711559281535 351
0.11104114511004409 352
0.11121842882117161 353
0.11131840536449442 354
0.11133340714062875 355
0.11177381770554667 356
0.11188736940806432 357
0.11212458301707065 358
0.11218984992591927 359
0.11231217301681667 360
0.11268224984372933 361
0.11294837305582328 362
0.11364841063297332 363
0.11391256176575834 364
0.11396885489502362 365
0.11403760724922062 366
0.11535034439906867 367
0.11550847864089936 368
0.11555598092651592 369
0.11557911161821485 370
0.1158735685261715 371
0.11602614443920739 372
0.11655276465422218 373
0.11657779097458065 374
0.116893495053514 375
0.11713356248858514 376
0.11726107066133218 377
0.11825474122357137 378
0.11899047935820012 379
0.11908835136856599 380
0.11934864123313747 381
0.11976632396197662 382
0.11988044113885635 383
0.11994148855354264 384
0.11997556523201121 385
0.1201806251265773 386
0.12019461718118644 387
0.12032270747125944 388
0.12034623993521334 389
0.12075559387237786 390
0.12117203378097549 391
0.12205021616464225 392
0.12285733749878959 393
0.12410811091310107 394
0.1241719251261859 395
0.12449751700186465 396
0.12562139507975656 397
0.12592385774483086 398
0.12597364721689405 399
0.12645854776866028 400
0.12675972521428583 401
0.1271114231645716 402
0.12732112299864692 403
0.1276300766965525 404
0.12797693036792873 405
0.12818115165402233 406
0.1283512768512501 407
0.12852129277370455 408
0.12867179945043528 409
0.1289045675248165 410
0.12898683094034746 411
0.1291172452971442 412
0.1291770009161173 413
0.12936605094141673 414
0.13043912226183338 415
0.13050435039339514 416
0.13106250399933006 417
0.13137743667431112 418
0.13167445175030887 419
0.13216722226558614 420
0.13268562581977797 421
0.1334941124624047 422
0.13367797865327152 423
0.1341704255924539 424
0.13465890834611646 425
0.13484760245822003 426
0.13583615178481995 427
0.13610555553528078 428
0.1361645347911189 429
0.13625147533759013 430
0.13662939060701232 431
0.13767372647410575 432
0.13844910306761274 433
0.1389459519317525 434
0.13903748254971357 435
0.13912770605313307 436
0.14026639798177995 437
0.14063801079341212 438
0.14103794358081914 439
0.1419656225342792 440
0.14211426639957775 441
0.1421658074029666 442
0.14229994854593653 443
0.14232584020652367 444
0.14283270519218566 445
0.14320298645572466 446
0.1439074537222654 447
0.14391246089452328 448
0.1445187741095466 449
0.14504699957781703 450
0.14519123686505403 451
0.14519567477705173 452
0.14529157261567127 453
0.14542086018075964 454
0.1462705699609757 455
0.1464338392372567 456
0.1468153584962706 457
0.1470236747509236 458
0.14713317726503872 459
0.1473149440062379 460
0.14758598776424023 461
0.14836818595652007 462
0.1486078160881962 463
0.1487785471088348 464
0.1487819324489646 465
0.14985092021971505 466
0.15032181218504298 467
0.15046576856114655 468
0.15055223408135657 469
0.15081818400031097 470
0.1508994890616497 471
0.1511927203450753 472
0.15127246837198985 473
0.15176995718113126 474
0.15187525412241015 475
0.1522223807512171 476
0.152232952392762 477
0.15253109525654415 478
0.15275850362301852 479
0.1531517516450574 480
0.15333536918555862 481
0.15352310363638758 482
0.15487417618170726 483
0.15522298399670964 484
0.15538186887669855 485
0.1558442596702778 486
0.1564143523245484 487
0.15745292730652186 488
0.15750953208584906 489
0.15754813231874407 490
0.15766319197110268 491
0.15779770836762141 492
0.1580167385500517 493
0.15819012785351338 494
0.1584683012717422 495
0.15867646017871506 496
0.1593095658149163 497
0.15956573570513502 498
0.15967190260068617 499
0.16009833173921725 500
0.16060219290085656 501
0.1611834483025788 502
0.16118547596631091 503
0.1612416510294653 504
0.1615435951300877 505
0.16160768859722738 506
0.16270066263883795 507
0.1628928738251098 508
0.16350659427208736 509
0.16358797969222957 510
0.16379947206610593 511
0.16384249863497885 512
0.16387830444100562 513
0.16469339030529676 514
0.1649433125460116 515
0.16497558849674643 516
0.16498063435989987 517
0.16556624840461365 518
0.16568052477242107 519
0.1662132121681355 520
0.16637883411477147 521
0.16643620255367358 522
0.16667516930681692 523
0.16735748093812328 524
0.16810462441384846 525
0.16870459320339906 526
0.16872069231447387 527
0.16877553621412003 528
0.16888306567244235 529
0.16961214510949785 530
0.16977322247076207 531
0.17020311946851302 532
0.17029926204098178 533
0.17035255270370062 534
0.17070233614593855 535
0.17083527735783474 536
0.17131920203080675 537
0.17141815361572427 538
0.17158084599558854 539
0.17168825886249756 540
0.17174354335939607 541
0.17179487487473352 542
0.17270514617392885 543
0.17271569372193515 544
0.17293268841180784 545
0.17293560484855822 546
0.17438431375176972 547
0.175135471675958 548
0.17552913440096118 549
0.17584130063398323 550
0.17599464170751206 551
0.17604009049115857 552
0.17647520668387764 553
0.17648591031344535 554
0.1766789587432124 555
0.1770056914916435 556
0.1770185227052061 557
0.177176714023394 558
0.17730544663890374 559
0.17773549717415943 560
0.1779192107889119 561
0.17812023051164172 562
0.17814944864556193 563
0.1782143439963052 564
0.1792127267420212 565
0.17924338209741167 566
0.17977231414708275 567
0.1800616077341643 568
0.18067110440983392 569
0.18118043422834904 570
0.183744926172289 571
0.1839026059675298 572
0.18431993171980907 573
0.18454335686736442 574
0.18458624717187946 575
0.1848668808539206 576
0.18495956227434637 577
0.18499980709611683 578
0.18505944117237955 579
0.18534039064907895 580
0.18544031564672822 581
0.18613246003517211 582
0.18657696556779296 583
0.1870840029944077 584
0.1872035771566654 585
0.18796000835152177 586
0.18816112481960895 587
0.188513474905305 588
0.18854473782197825 589
0.18931265250175336 590
0.189886340764945 591
0.19004706821746142 592
0.19023966725034613 593
0.1903645770844879 594
0.19037544528162753 595
0.19038057622657745 596
0.1904800951514107 597
0.19078128144999904 598
0.19082286554058275 599
0.1911209169022916 600
0.19114654814000795 601
0.19175630674631233 602
0.19234062941557845 603
0.19247050143133823 604
0.19300300474796692 605
0.19335829697208384 606
0.19336246220314188 607
0.19341084656577884 608
0.1939305457864847 609
0.19429029557423314 610
0.19461776265991185 611
0.19497428594243837 612
0.19500494384016628 613
0.19548780786442124 614
0.19567190593598002 615
0.19620269483309888 616
0.19629830126834358 617
0.19659246118224374 618
0.1967386520542509 619
0.1978023679579107 620
0.19836148664934222 621
0.19888325941039758 622
0.1998975420579311 623
0.2007002735321357 624
0.20083268973541604 625
0.200970020524384 626
0.20173093627294536 627
0.20258471364451625 628
0.20265594697391306 629
0.2026964123167853 630
0.20277158121863273 631
0.20285970047769053 632
0.20335264171608486 633
0.2034263034578953 634
0.20349778770344717 635
0.20406215160102864 636
0.20430498600590707 637
0.20475257938010474 638
0.20501452949138727 639
0.20505331946589486 640
0.20540200311522858 641
0.20547570759154626 642
0.2056526382264165 643
0.20586031608612151 644
0.20623983769313584 645
0.20680945423115324 646
0.20812050134545929 647
0.20891492529635947 648
0.20905483693289623 649
0.20974600712140826 650
0.21044063452321557 651
0.21051179580346882 652
0.21096692732891137 653
0.2110909602893713 654
0.2113690087436731 655
0.21215390836899725 656
0.212622424087578 657
0.2126544688980186 658
0.21265840150482543 659
0.2135159297346177 660
0.21368113585445078 661
0.2143866881358698 662
0.21453932405183557 663
0.21517890931490607 664
0.21559529561388358 665
0.21568071944106856 666
0.21570366008982278 667
0.21578452891874011 668
0.21582186585589108 669
0.21592556697592957 670
0.2162346457159582 671
0.2167268995134214 672
0.2169081598384652 673
0.21714500562709407 674
0.21795759730588726 675
0.21823818866097947 676
0.2186542503315731 677
0.2186983955893835 678
0.21877413882035482 679
0.21925065362296547 680
0.21962968453633092 681
0.21965277913784412 682
0.21975787444550804 683
0.21983493116472533 684
0.21997374087497526 685
0.2202922750634792 686
0.22078193699530788 687
0.22167787834184627 688
0.2222837115809894 689
0.22281632058580617 690
0.2235076824222341 691
0.22402636859276795 692
0.2245886817388069 693
0.225814024278633 694
0.22585482926067763 695
0.2260289065953887 696
0.2260922857277785 697
0.22829302466886964 698
0.2285107661048342 699
0.22863039459059087 700
0.2287214945005727 701
0.22882025831049008 702
0.2291868026147013 703
0.22932721821727542 704
0.22943242111533305 705
0.22954322848498904 706
0.2310284031615558 707
0.23201740125949377 708
0.232081276085454 709
0.23326610593300126 710
0.2336795996016656 711
0.23390787534625593 712
0.23424862304638605 713
0.23457298766008822 714
0.23471923405737613 715
0.23480381667997755 716
0.23495733082323347 717
0.23552471213185253 718
0.23564336623937135 719
0.23570716945211012 720
0.23582956104017255 721
0.23653765592815418 722
0.23745161337594176 723
0.2376003967434047 724
0.2376738843536014 725
0.23769543186519648 726
0.2377916572742958 727
0.2379280051435912 728
0.23809966009868336 729
0.23874954570924004 730
0.2387795699271226 731
0.2388548090267515 732
0.23911894867812697 733
0.23921162074671565 734
0.23937091046300094 735
0.23953297563281667 736
0.24018119702311883 737
0.24044613770859996 738
0.24046859053864744 739
0.2406666585527408 740
0.2406794234038489 741
0.2407029819627947 742
0.24136054229337875 743
0.24189083377702741 744
0.24191687770039624 745
0.24202940355235286 746
0.24206500417772306 747
0.2421506771396021 748
0.24237563151160416 749
0.24261512824444398 750
0.24298887161461744 751
0.2430478316931205 752
0.24308215789631651 753
0.2435859249087097 754
0.24364002838287305 755
0.24461847748256224 756
0.245296497353421 757
0.2455234953660021 758
0.24554619991710616 759
0.24603514599989804 760
0.24634320580038904 761
0.2463726948777168 762
0.24650074687033668 763
0.24670439737277955 764
0.24802296754385697 765
0.24894063266744162 766
0.2492488204606977 767
0.2496959684996256 768
0.2501265042937034 769
0.2507951472424071 770
0.2510679784202689 771
0.25113646955330154 772
0.25153264120575625 773
0.25198922212681807 774
0.2525604275394393 775
0.25276443253059105 776
0.2528986870171946 777
0.2537637103256947 778
0.25385012219464365 779
0.2538510684229947 780
0.25447250498484747 781
0.2548108725461355 782
0.2549207073527122 783
0.25498909465238545 784
0.25510719114980707 785
0.2553111653872071 786
0.25538296682424144 787
0.25542209031569557 788
0.25547233010564446 789
0.2561647619216715 790
0.256532148244801 791
0.25671682149200964 792
0.2572132555343839 793
0.2576453702901995 794
0.25855950780694076 795
0.25998240128367 796
0.26024445670460256 797
0.2606677822716641 798
0.26106933248455044 799
0.2614131490748583 800
0.26186208561886104 801
0.262013838949551 802
0.262897586463086 803
0.2629281436612878 804
0.26304726660827377 805
0.26327070955027726 806
0.26385760895831206 807
0.26393447958858657 808
0.2649458001467857 809
0.2650324666548061 810
0.26522751057804994 811
0.26546675247514295 812
0.26636710475414127 813
0.26681636233287986 814
0.26754470726197405 815
0.2677574381978955 816
0.2690972730730173 817
0.2694787252400814 818
0.26953169359563495 819
0.2697842302589245 820
0.2699428517130454 821
0.2704850755065981 822
0.2711859952111402 823
0.27124064638489104 824
0.27164566960676867 825
0.27168932173988203 826
0.27191525869329075 827
0.2720041027748105 828
0.2720417403459921 829
0.2723030811992264 830
0.27245431836905576 831
0.27253794052100855 832
0.2726863473856725 833
0.2727679303051732 834
0.2736241006293155 835
0.27409303150402475 836
0.2745713511704646 837
0.27466132851609315 838
0.2751293663151249 839
0.2752630066903327 840
0.2754224007374447 841
0.27600412796162943 842
0.2760498023998144 843
0.27683161953779645 844
0.27696950940066745 845
0.27707070489925034 846
0.27720671557218063 847
0.277436441039626 848
0.2782419742074555 849
0.27843961139576245 850
0.27920528265869576 851
0.27929414633478167 852
0.27936476739608135 853
0.2797739230337092 854
0.27978884685806926 855
0.28012203020400656 856
0.2801389754046191 857
0.2805813264485737 858
0.28089486825040905 859
0.28105840670645954 860
0.28144853641005213 861
0.28145538477187054 862
0.2820041421344775 863
0.28241580454766746 864
0.28246066931914504 865
0.2825684663157223 866
0.2826720490248728 867
0.28291639713730377 868
0.28321795636288893 869
0.2834514121834013 870
0.2835779981110055 871
0.28397532050319013 872
0.28397947375004984 873
0.28414990010881097 874
0.285003865153559 875
0.28507678999848973 876
0.28518694239988246 877
0.28525207526264135 878
0.28537762141192724 879
0.2865760346508397 880
0.28678689720741235 881
0.2869175100422012 882
0.2872890245770839 883
0.28754021370065685 884
0.2881268665723911 885
0.28829550910207363 886
0.28840367826183394 887
0.28932974054722577 888
0.2894046559477159 889
0.28947810506539345 890
0.28984164012949193 891
0.28999817196889804 892
0.2905745211247781 893
0.2921330419950493 894
0.2924703370202271 895
0.292534721521376 896
0.29272710943068336 897
0.2930189241005996 898
0.2935853419967269 899
0.29375308393357225 900
0.2946224159736567 901
0.2949372225241854 902
0.29506252942092825 903
0.2955904654723977 904
0.29609982984973027 905
0.29631983054312655 906
0.29636812904076143 907
0.29690944101466044 908
0.2969472559151564 909
0.2973132516069616 910
0.2977606044636409 911
0.29785256314613345 912
0.2989683896119241 913
0.2990620431532933 914
0.29911668021702636 915
0.29924252586490563 916
0.29930200203388435 917
0.3008375712708839 918
0.30097086954493757 919
0.3009949269297936 920
0.30202027061016845 921
0.3029082508014545 922
0.3031217499252184 923
0.30316238447485705 924
0.30327667042020195 925
0.3033687274246708 926
0.3042592402269981 927
0.30434642437136367 928
0.30461676951906497 929
0.3049384680621898 930
0.30549918843366697 931
0.30552410170645883 932
0.30565157922506514 933
0.3060827947391812 934
0.3061067206836284 935
0.30620626601666573 936
0.30702557056785396 937
0.3076299846439486 938
0.3076655006410369 939
0.307807839213709 940
0.3078943618173578 941
0.30868943345542954 942
0.30869116151053777 943
0.3097832798659339 944
0.31037392216363585 945
0.31069306405336905 946
0.3108214166363327 947
0.3108998699304728 948
0.31113303431916045 949
0.31155348226378443 950
0.3117015081528803 951
0.3118047050723532 952
0.3122109206836833 953
0.31231394981638233 954
0.3128764425190792 955
0.31308519464644413 956
0.3135882145507662 957
0.3142073846071323 958
0.31426644251593855 959
0.3142808073737707 960
0.3144475979897906 961
0.31542310148164926 962
0.3157015570949141 963
0.31606101622068594 964
0.3161563263439461 965
0.3162546548413926 966
0.31680915344028465 967
0.3174511226059389 968
0.3183568626745824 969
0.31893205425059856 970
0.3190382003907299 971
0.3193357318244175 972
0.3195127761449982 973
0.3196207256905378 974
0.31982652487862706 975
0.3204292787887347 976
0.32114640222475055 977
0.32131265781881635 978
0.3214408813324719 979
0.32168436037149856 980
0.3222289564479512 981
0.3223123474067326 982
0.3226560087201 983
0.3230034058186594 984
0.3255516199167764 985
0.32558794564754806 986
0.32562968340462284 987
0.32564456744736014 988
0.3263136084018298 989
0.32637350894593764 990
0.3267453716307067 991
0.3267738416412761 992
0.32739589678036257 993
0.327785266831151 994
0.32781006067775176 995
0.3282353402316989 996
0.3287722371733215 997
0.3289338590013094 998
0.32982652195122686 999
0.33012261436184975 1000
0.3303010366106942 1001
0.3322990221027883 1002
0.3323358667483827 1003
0.33263169924554487 1004
0.33266441795325496 1005
0.3340494696893051 1006
0.3351243609827547 1007
0.33518415750185615 1008
0.3354653225930356 1009
0.33567187213595173 1010
0.3356868819395984 1011
0.335761279347844 1012
0.33720969261056144 1013
0.33760734769802403 1014
0.33776127843194287 1015
0.33837214212076566 1016
0.3383947730792595 1017
0.338510084464941 1018
0.33902174768625126 1019
0.33939383439567233 1020
0.33958304788415383 1021
0.3395944424756056 1022
0.3396032111939953 1023
0.33964340018431927 1024
0.3396665732687306 1025
0.34004376775125633 1026
0.34009996706562134 1027
0.3409349202497741 1028
0.3409616931945093 1029
0.34107406676880414 1030
0.3410809892088488 1031
0.3415686006421528 1032
0.34268260429071196 1033
0.3427386612848474 1034
0.34325819058831053 1035
0.34352363071064246 1036
0.3438519661649855 1037
0.3443487726464822 1038
0.34458875290055985 1039
0.344805707233257 1040
0.3449322024067724 1041
0.34520972191387744 1042
0.34559716577987204 1043
0.3480623077781714 1044
0.3482881130149907 1045
0.3483974499580538 1046
0.3489439752245385 1047
0.3492285810034775 1048
0.3503252171908496 1049
0.3503590260365876 1050
0.350495019320817 1051
0.3505002797786872 1052
0.35052595070286996 1053
0.3506054052244494 1054
0.35071503752443467 1055
0.35112344321959243 1056
0.35136507112292004 1057
0.3517014092568723 1058
0.3518742158965789 1059
0.3519855594437946 1060
0.3520875578683944 1061
0.3521247329118836 1062
0.35236038787059154 1063
0.3529261724289608 1064
0.35320335543460685 1065
0.35351130724820995 1066
0.35373739212142186 1067
0.35377030443336704 1068
0.3538560960857981 1069
0.35407792267423266 1070
0.3541331620380957 1071
0.3541801718830011 1072
0.3549800100116343 1073
0.35584587357062697 1074
0.35595722315464373 1075
0.35599461385830516 1076
0.356362536690524 1077
0.3564526564514177 1078
0.35675895725236323 1079
0.356886700249324 1080
0.35711953656996764 1081
0.35749149835357347 1082
0.35799855750822335 1083
0.3581342520765654 1084
0.35828172122560986 1085
0.35862092096912723 1086
0.3588330940729306 1087
0.35890407511389594 1088
0.35896896376773363 1089
0.3591918930851854 1090
0.3593683500101705 1091
0.3601423678189072 1092
0.36014534021784866 1093
0.36035570976086456 1094
0.3606260465599558 1095
0.36202028640886186 1096
0.36231086337840973 1097
0.36235055481514444 1098
0.3623991550138693 1099
0.3632967283292693 1100
0.3633380486435456 1101
0.36334234269937105 1102
0.36343464556740807 1103
0.36343751256804974 1104
0.3641322099750152 1105
0.36426150877129404 1106
0.36531834536595703 1107
0.366731408371368 1108
0.36728749497110574 1109
0.3673975371324151 1110
0.3674113063819139 1111
0.3675525988963338 1112
0.3676256892117575 1113
0.36777726021157875 1114
0.368194091585491 1115
0.3685534583842683 1116
0.3687660966363479 1117
0.36877152312214756 1118
0.36983151307127443 1119
0.36994380356122036 1120
0.37003862045618985 1121
0.37036121892409823 1122
0.37045321813711224 1123
0.37064330453080163 1124
0.37089608236139787 1125
0.3710447779855686 1126
0.37170970702921224 1127
0.3720537901697036 1128
0.3722042689684816 1129
0.37256206625176125 1130
0.37259963619801867 1131
0.3728157414419167 1132
0.3734553039864788 1133
0.3735322730576059 1134
0.37359802584527546 1135
0.3736952145769976 1136
0.3739220409615923 1137
0.3739669989315468 1138
0.3742693924173842 1139
0.37515764989700984 1140
0.3753789190042131 1141
0.37573804136628847 1142
0.3770066224632248 1143
0.3771127344518094 1144
0.3772004104678277 1145
0.37725949414699916 1146
0.3784718336355836 1147
0.3786058647183446 1148
0.37892562512097944 1149
0.3791481679927181 1150
0.3800879124302358 1151
0.3808842767607869 1152
0.3812385121831923 1153
0.38180772494577664 1154
0.38404240047208854 1155
0.3850789434897755 1156
0.3851140649516393 1157
0.3853232271636251 1158
0.38565887500458074 1159
0.38614190509300295 1160
0.3866368171502709 1161
0.38663771470759745 1162
0.38667782697491954 1163
0.38702041478714766 1164
0.3872753772068094 1165
0.38734985060434374 1166
0.3876420950192102 1167
0.3880908270801644 1168
0.3881497625505577 1169
0.3881648277804091 1170
0.3883924996684196 1171
0.38870955260394513 1172
0.38896397655426196 1173
0.3893008630825414 1174
0.39006245611733953 1175
0.3900828602436115 1176
0.39033214685978995 1177
0.3903431233893816 1178
0.39035155371263014 1179
0.3910895975867315 1180
0.3914011312343605 1181
0.3914947616938331 1182
0.3919467782604383 1183
0.39196580860649116 1184
0.39241260687117435 1185
0.3925189611164313 1186
0.3925665614200022 1187
0.39266659275077725 1188
0.3932048289600463 1189
0.39322241805693764 1190
0.393326804031463 1191
0.39347018294565506 1192
0.3936212996138774 1193
0.3939279534099534 1194
0.39413698446047574 1195
0.3948721405418237 1196
0.39507364870838013 1197
0.39527875276071583 1198
0.3953235509147731 1199
0.39559948279791557 1200
0.3959301450641617 1201
0.39593934888706994 1202
0.3962610717027918 1203
0.3962949001248648 1204
0.39707294851754366 1205
0.3975959916866927 1206
0.3977338948254643 1207
0.3983532104646098 1208
0.3984819923814715 1209
0.3986158351667691 1210
0.3986248856877984 1211
0.39888963258411814 1212
0.3990201710585342 1213
0.3992962533781835 1214
0.39971214185116677 1215
0.3997510749292414 1216
0.39981609951656305 1217
0.39997071782096166 1218
0.40042139850386443 1219
0.4024636098596412 1220
0.4026957888535024 1221
0.4030200390945429 1222
0.4033662865528709 1223
0.40386328225404033 1224
0.40418429056553434 1225
0.4048265560609168 1226
0.4048724408321279 1227
0.4048826472160019 1228
0.40498666811723766 1229
0.40499309266643313 1230
0.40588725218783533 1231
0.40613859681981873 1232
0.406301359880309 1233
0.4064062801713242 1234
0.4064289208159089 1235
0.4064739277317413 1236
0.4067075381176828 1237
0.4068633542228471 1238
0.40691289219551263 1239
0.40698756120245383 1240
0.40705206753807527 1241
0.40730544873408414 1242
0.40754825413058315 1243
0.40937554277760435 1244
0.40943060802739495 1245
0.40944010396712494 1246
0.4104159797106792 1247
0.4111809241453513 1248
0.411227734074351 1249
0.4114362586324596 1250
0.4128016577055471 1251
0.41282858451497734 1252
0.4133597732799039 1253
0.4135765957328962 1254
0.41358535090096327 1255
0.4137642606919661 1256
0.4137821945687667 1257
0.41381154812881893 1258
0.4138156806987758 1259
0.4143174028783212 1260
0.4146635097055698 1261
0.41474228107114636 1262
0.41557020641572495 1263
0.41569163422979305 1264
0.41570397490123473 1265
0.416557634820923 1266
0.41660976463616944 1267
0.41666133934978067 1268
0.41670627643570296 1269
0.4167938805208968 1270
0.4170749352764161 1271
0.4173252599524221 1272
0.41798633511265154 1273
0.41831052787949 1274
0.4188610062717185 1275
0.41916870600657224 1276
0.4192896098686636 1277
0.42046029101394283 1278
0.4206676962180204 1279
0.4208850086320573 1280
0.42152059329679575 1281
0.4216403662456253 1282
0.4216637121239164 1283
0.4220059721381374 1284
0.42202987266404907 1285
0.42222647090758 1286
0.4223509561210187 1287
0.4226242117527906 1288
0.4228000306454052 1289
0.4228412482194348 1290
0.42324510888017725 1291
0.42377603158902394 1292
0.42391601250000016 1293
0.4240832933220763 1294
0.4249300127606046 1295
0.42511840507491544 1296
0.425547201102534 1297
0.42613952141510614 1298
0.4264090962975064 1299
0.42658219053089397 1300
0.4266252674223299 1301
0.42666771304694406 1302
0.42693457713491634 1303
0.42698845451014666 1304
0.42704418559844504 1305
0.427385501733345 1306
0.42754012664873536 1307
0.427548563894532 1308
0.42799581198007713 1309
0.42811798445965094 1310
0.4282560599777034 1311
0.42842112038647234 1312
0.43039501385679013 1313
0.4312330076171991 1314
0.4312836283084287 1315
0.4313998530466896 1316
0.43144344988201616 1317
0.43170153414999174 1318
0.43212296531237293 1319
0.43332878119165785 1320
0.43437620551580275 1321
0.43482332694802367 1322
0.43572517290983975 1323
0.43631563720699496 1324
0.43740611743045554 1325
0.43766321080324516 1326
0.43802760660309276 1327
0.4384236808686381 1328
0.4384788437548725 1329
0.4385601300526476 1330
0.43918480393180226 1331
0.43948279340675706 1332
0.43952608427030204 1333
0.4398063151088448 1334
0.43990185802068993 1335
0.4400021556728908 1336
0.44064277374155614 1337
0.4408299345792726 1338
0.44115514969842706 1339
0.44169172265740203 1340
0.44351872698399936 1341
0.44355660501749994 1342
0.44451958713022777 1343
0.4445840173570641 1344
0.44512006832482925 1345
0.446069413328052 1346
0.4461435622889465 1347
0.44642811431461643 1348
0.44683524308533396 1349
0.4470402074145587 1350
0.4473293828870488 1351
0.44737427861849377 1352
0.4476181780783659 1353
0.44762334960587025 1354
0.44780179080410193 1355
0.4482133673628245 1356
0.44959467966975997 1357
0.44996306494405 1358
0.45007668575647225 1359
0.4511130372280547 1360
0.4515960830428002 1361
0.45226456981826374 1362
0.4525720217353513 1363
0.45258161014505793 1364
0.4528732866134656 1365
0.4535438784386823 1366
0.45432188607098956 1367
0.45583477465841504 1368
0.4563012081411777 1369
0.4578278916243201 1370
0.45851689593684963 1371
0.45863058408965285 1372
0.4591058999731475 1373
0.4609110481704256 1374
0.46103700024909794 1375
0.463165557398545 1376
0.4632836832982709 1377
0.4638474086701882 1378
0.46395892366607844 1379
0.46450565921329223 1380
0.4647017213714707 1381
0.4652725432074814 1382
0.46670677579352277 1383
0.4668904789359556 1384
0.4669560395250029 1385
0.46699223027015746 1386
0.46723519297081095 1387
0.4673357206882643 1388
0.46757240974867637 1389
0.46795405313773536 1390
0.46841940733986986 1391
0.46847865718995796 1392
0.4695446154715236 1393
0.4696101208630432 1394
0.46972703530575377 1395
0.46973365545032686 1396
0.470305208749356 1397
0.47077945567353713 1398
0.47101523473047163 1399
0.47148830311338297 1400
0.4717800642387066 1401
0.47183665970558397 1402
0.47201671384278954 1403
0.47203099007750177 1404
0.4723850625210412 1405
0.47299666713407307 1406
0.47359993426290514 1407
0.4736054214180555 1408
0.47363593604862414 1409
0.4736434026039821 1410
0.47365357603555625 1411
0.4738312102469736 1412
0.4743559270534027 1413
0.47467553555386904 1414
0.47468710155082494 1415
0.47518870553946946 1416
0.4752393754279684 1417
0.4757458569308252 1418
0.4760448166461467 1419
0.47612801640664165 1420
0.47614899788902454 1421
0.4769538592155133 1422
0.4781323995368581 1423
0.4790453603817049 1424
0.4791610442731403 1425
0.47916299238443705 1426
0.47959468367013763 1427
0.4797517911306848 1428
0.48043467293826564 1429
0.48069259875918907 1430
0.480927896590292 1431
0.48102155430875393 1432
0.48138030511825913 1433
0.4815350605648948 1434
0.4815605711719029 1435
0.48182588084656947 1436
0.481924758795988 1437
0.4820270409498775 1438
0.4826186990324648 1439
0.48267216119147666 1440
0.4831155306600753 1441
0.4832380864276587 1442
0.48368981163939306 1443
0.48391134884975384 1444
0.48431639908959184 1445
0.48452175506234446 1446
0.4845256307823708 1447
0.4848103000858535 1448
0.48482271918547176 1449
0.48489618566583653 1450
0.48505933683103797 1451
0.4850901169531058 1452
0.4851590491800873 1453
0.48532539303196476 1454
0.4855734133927615 1455
0.48647225935494964 1456
0.4871834746698959 1457
0.48740265963244955 1458
0.48763672312589595 1459
0.48767217656714795 1460
0.488588459551546 1461
0.48867743597031466 1462
0.48875220409620324 1463
0.4888384691608716 1464
0.48947607669765386 1465
0.48950308661476183 1466
0.4902226074954072 1467
0.49108111731530457 1468
0.49163672859546176 1469
0.4916536707994968 1470
0.49174526546499936 1471
0.49178076139930454 1472
0.49201354383122153 1473
0.49202377860880975 1474
0.49216466544458587 1475
0.49277630386201915 1476
0.4930985811736722 1477
0.4931801753356805 1478
0.49327022023628 1479
0.4935689041400577 1480
0.4938185227686833 1481
0.4940939023120725 1482
0.49410882135708384 1483
0.4944553435401821 1484
0.49451989107226346 1485
0.49493990466065235 1486
0.49532763191611356 1487
0.4955686163925293 1488
0.4958295360532365 1489
0.49596673826174764 1490
0.4960171319245354 1491
0.4962021215242587 1492
0.4969451130188126 1493
0.49744336973682185 1494
0.4977615133788014 1495
0.49777072656184074 1496
0.4985361580327041 1497
0.49858812661047985 1498
0.4995150368332368 1499
0.49978810669450274 1500
