2.3998637228728192E-4 1
3.3049727211714725E-4 2
3.806204593128083E-4 3
0.00125836441742655 4
0.0015734971662383916 5
0.001678636178832571 6
0.001928771745776825 7
0.0020855042085141653 8
0.0023360749993193157 9
0.0027464316256126664 10
0.0032810407291974934 11
0.0034244138572042675 12
0.0038035256803707882 13
0.0038261897938899887 14
0.004200449011765139 15
0.004474203788313258 16
0.005194424472152181 17
0.005331985891860181 18
0.005877631882402924 19
0.006183406861171692 20
0.006516371353067707 21
0.006759866973769237 22
0.007187595478973243 23
0.007500226158828115 24
0.007730146879824649 25
0.007804703843665939 26
0.007856410714715824 27
0.008702484512629616 28
0.00900219620316012 29
0.009093803487435716 30
0.009778064220016647 31
0.009894822782969657 32
0.009902502541455915 33
0.011065307147480274 34
0.011441567387320049 35
0.011576259823418313 36
0.012186190976240184 37
0.01229523718293668 38
0.01251057041393666 39
0.012828569768040088 40
0.013215868065386046 41
0.013617425263892424 42
0.013770288968503578 43
0.014914174816632705 44
0.015524938947040266 45
0.015974308674528044 46
0.01605239061721275 47
0.016068751900733754 48
0.016624353081462703 49
0.018067566249499182 50
0.01831733857092127 51
0.018755547056040656 52
0.019059220946820665 53
0.019103472535565484 54
0.01970973668345489 55
0.019739925908939415 56
0.019821942585248383 57
0.02012285458379843 58
0.020615012075543386 59
0.02068690011120799 60
0.022763605831162496 61
0.02276714007583535 62
0.022842319284992363 63
0.023412094978847275 64
0.023476421565611864 65
0.023882937557768873 66
0.02405382239270221 67
0.024060951067320868 68
0.024200404789243405 69
0.02465827337185994 70
0.024676640680892932 71
0.025599366978483206 72
0.0256755953263052 73
0.026056282495099503 74
0.0261061201241793 75
0.026768981915628876 76
0.027733824046486017 77
0.02829439052654726 78
0.028456305999349233 79
0.028909848104611453 80
0.028987045303654212 81
0.029131842711537913 82
0.029510169876343497 83
0.02954039117461905 84
0.029611912176235437 85
0.029643981906154127 86
0.030568663553020244 87
0.030912346274205853 88
0.030915155405759558 89
0.031042524871389806 90
0.031137689793543314 91
0.03148989050420254 92
0.03150702904536672 93
0.03154568132707042 94
0.03160185489084578 95
0.032123196342972185 96
0.032182201458493605 97
0.032982327589107734 98
0.03328270991166716 99
0.033475157833207855 100
0.033653712789811656 101
0.03366244013395652 102
0.03369758918427646 103
0.03390714258238309 104
0.03460387507909825 105
0.034722665806538204 106
0.035702177699538665 107
0.035782526376641546 108
0.03583991132507503 109
0.03690543235079502 110
0.037570098417743565 111
0.03788120544979412 112
0.038011023886408805 113
0.03814767983724498 114
0.03837333561269629 115
0.03932611414711938 116
0.04016017074023665 117
0.04038950112323831 118
0.040484789132553364 119
0.04103274771323631 120
0.04126212534586545 121
0.042506253217387484 122
0.042884698764314944 123
0.043405293009194205 124
0.04445060000708261 125
0.04512987343810494 126
0.04514316335953855 127
0.045185863208075064 128
0.0453245408812872 129
0.04539687449196789 130
0.0455574169715197 131
0.04696121920566538 132
0.04725603011982702 133
0.047296653286999585 134
0.04772412549907555 135
0.048032728443686785 136
0.04820601632390269 137
0.04851561314111927 138
0.04900875286510836 139
0.04907293968928656 140
0.04939613140003752 141
0.04958523646107526 142
0.04974357697178011 143
0.05067395744211805 144
0.05088154526523419 145
0.050979191464897634 146
0.051115820428702274 147
0.05112230355088561 148
0.05202152513670505 149
0.05233507911389026 150
0.052844162168576805 151
0.05361574284878079 152
0.05387871165997372 153
0.0539456286391396 154
0.05413644747553177 155
0.05417737248556614 156
0.05435921408694845 157
0.05436954626715296 158
0.054499247348782386 159
0.05518178196208222 160
0.05596377046268769 161
0.05625702163053679 162
0.05747313750940177 163
0.057490988847348164 164
0.057583730932566655 165
0.058207797242365765 166
0.058232028509262006 167
0.05868965131156594 168
0.059352412073833474 169
0.06087788610694781 170
0.06116381515983277 171
0.06175997122194223 172
0.06179494472095408 173
0.06285731524139977 174
0.06288186070502197 175
0.06389392081740188 176
0.06456391668269723 177
0.06498765860659628 178
0.06502711930209992 179
0.06506364687382354 180
0.06548658593929771 181
0.06551333870782884 182
0.06551514647672502 183
0.06564720687336045 184
0.06574615519986345 185
0.06589541261782918 186
0.06605664496624147 187
0.0660743704782375 188
0.06630092952257428 189
0.06651589170843993 190
0.06703971706986313 191
0.0671873929802171 192
0.06737311895706427 193
0.06781324047348058 194
0.0682988490183034 195
0.0684354336535942 196
0.06858342710556113 197
0.06902107175455036 198
0.06932453287233059 199
0.06948911737715621 200
0.06960800572521915 201
0.0701616583270627 202
0.07042915444274858 203
0.07070511718038523 204
0.0708299810425785 205
0.07088786069844705 206
0.07134411709485525 207
0.07151138069124358 208
0.07251172429590379 209
0.07275164039827467 210
0.0728423946300141 211
0.07308326586282576 212
0.0731701580544041 213
0.0737640646153558 214
0.07399403169060605 215
0.07410309155137634 216
0.07478558045393716 217
0.07482998081015169 218
0.07701342684206323 219
0.07709012927148391 220
0.07750698119099918 221
0.07812707631918815 222
0.07820131742002728 223
0.07854526688390379 224
0.07903412786451638 225
0.07965028066305042 226
0.07997293105992866 227
0.08000532480755676 228
0.08004810666364896 229
0.08034718054454826 230
0.08043599156289108 231
0.08123964415678697 232
0.08134218360940387 233
0.08149979276169221 234
0.08160660529315156 235
0.08187168095941348 236
0.08190174502368523 237
0.08208568260204929 238
0.08248303757181864 239
0.08301684223060231 240
0.08356410279802146 241
0.08386744242458054 242
0.08454724575804791 243
0.08475979652567697 244
0.08478812425338171 245
0.08588531827368436 246
0.08609352727187747 247
0.08670102104939417 248
0.08673382614854855 249
0.08679978195665224 250
0.087123929496068 251
0.08746586550049973 252
0.08790002728770227 253
0.08820549907160183 254
0.08822176777134776 255
0.08875579050797178 256
0.08893438565806706 257
0.08909403054411709 258
0.08919788250206487 259
0.08937061634785537 260
0.09009176768368694 261
0.09018838290750524 262
0.09107756901990112 263
0.09156021730023006 264
0.09173710044316581 265
0.09176590267745219 266
0.09251842564838546 267
0.09269230643564083 268
0.09312726068465015 269
0.09325191482673896 270
0.09345832331440929 271
0.0939077341049396 272
0.09471320884931778 273
0.09481808318579477 274
0.0953438824718071 275
0.09574528907923682 276
0.09625297786632266 277
0.09642182755071008 278
0.09644469015169913 279
0.09650603742068638 280
0.09656164197147928 281
0.09661533977309361 282
0.09661590108988938 283
0.09682661043768859 284
0.09752683100214064 285
0.09777156020237765 286
0.09779676863477557 287
0.09801694880027834 288
0.09843580002516818 289
0.09857365154196042 290
0.09864225725596182 291
0.09959842175946634 292
0.09962725752746909 293
0.0996390352745377 294
0.09977435284945492 295
0.09977554943904042 296
0.10069680720543135 297
0.10121620143493328 298
0.10151154001957208 299
0.10151260790256278 300
0.10178000617524045 301
0.10225495508668567 302
0.10257028276632149 303
0.10269084762074403 304
0.10278688410865124 305
0.10280286989830022 306
0.10281974319084074 307
0.10349077042048217 308
0.10376004304211146 309
0.10498500782492082 310
0.10537369405200375 311
0.10562495845848513 312
0.10613228582634482 313
0.10628349744144519 314
0.1064591028044816 315
0.1064712280172077 316
0.10674652906891009 317
0.10698586749445595 318
0.10718607689945887 319
0.10746715717043016 320
0.10786410677461361 321
0.10852352820590419 322
0.10897694294283153 323
0.10903081733941594 324
0.1092165009505367 325
0.10927065809796267 326
0.1093917302979984 327
0.10939926882702758 328
0.10957674321372099 329
0.10982168377370587 330
0.11071004124730517 331
0.11101482328512144 332
0.11106087377645293 333
0.11113339666843201 334
0.11120730632036871 335
0.11161930111315305 336
0.11171685941444265 337
0.1118419011464504 338
0.112131587972369 339
0.11217886147015144 340
0.11222245012313636 341
0.11253917168032512 342
0.11295983466595359 343
0.11296272347124355 344
0.11300277573984342 345
0.1130266489567437 346
0.11328552780710961 347
0.11344341983503432 348
0.11408488186606779 349
0.11446669268073403 350
0.1147642898554219 351
0.11490922269968772 352
0.11511443816747075 353
0.11588201021237704 354
0.1166787713049186 355
0.11686214755147767 356
0.11687244803996336 357
0.11692579059016475 358
0.11739243484227256 359
0.11781652939449233 360
0.11782106862047238 361
0.11782915279914331 362
0.11806841229663124 363
0.11870337157448581 364
0.11903815305288588 365
0.11915600250108135 366
0.11917890657128818 367
0.11957368827605405 368
0.11963721607448259 369
0.11986127274235518 370
0.12005218219860626 371
0.12018994700970917 372
0.12025681177896828 373
0.12052711908168011 374
0.12069748077420372 375
0.12084721749398898 376
0.12119524881209363 377
0.12163501711631085 378
0.1217453228535058 379
0.12207855070210849 380
0.12367559903866734 381
0.12435220086453727 382
0.12441649978525568 383
0.12460139882057017 384
0.12471400749331668 385
0.12543088463830634 386
0.12566190993485138 387
0.1259489372894187 388
0.12615422018724318 389
0.12635390868975382 390
0.12635848389131282 391
0.12647981458936736 392
0.12696030943401415 393
0.12705112571748517 394
0.12718184515146322 395
0.12718923521072453 396
0.12860809794305764 397
0.12869524681009759 398
0.1290498145610507 399
0.12977317325376925 400
0.12981886143062943 401
0.1299655734887291 402
0.130525931615336 403
0.13067006567564138 404
0.1310021178642803 405
0.13116994395705867 406
0.13127762394779222 407
0.1313910245010312 408
0.1314813172755836 409
0.13231832660080486 410
0.13311718064936817 411
0.13344969239323606 412
0.13362281259025746 413
0.13379523829729673 414
0.13388781973569888 415
0.13425931397018598 416
0.1342932999157887 417
0.13444292495936092 418
0.1345176930912136 419
0.13465471954561686 420
0.13482139944320973 421
0.13486190446241256 422
0.13519580828256578 423
0.13638029986429917 424
0.13672641818723083 425
0.1372595048556202 426
0.13733014903828344 427
0.13783992203572085 428
0.1380797104123044 429
0.13818900091784223 430
0.1382756506740388 431
0.13925022183215918 432
0.13935986784093526 433
0.13986233620567162 434
0.14010640303048477 435
0.14028097870790762 436
0.14064733335502236 437
0.14110444646137893 438
0.1411635754225162 439
0.14140761853631612 440
0.1423235986140809 441
0.14291411910123547 442
0.1430143177284375 443
0.14355757340293815 444
0.14409372962920605 445
0.14411094627615542 446
0.14447200545783148 447
0.14473887464652574 448
0.14518318824716722 449
0.14526346185227723 450
0.14537157003793943 451
0.14545457479606214 452
0.14615522950587653 453
0.14670465214891257 454
0.14673260549994357 455
0.14692124486047123 456
0.14737231945060933 457
0.14749868936555316 458
0.1487272559159249 459
0.1488651057343927 460
0.1490718959026873 461
0.14945248013742204 462
0.15011349310708405 463
0.1506715441470586 464
0.1512777026156341 465
0.1518023628925939 466
0.15181315438387333 467
0.15181889725191894 468
0.1518491445144747 469
0.15185794331397667 470
0.15189107343401304 471
0.15199279923217104 472
0.15232386463449515 473
0.15248956271771658 474
0.15263597488145517 475
0.15454291825580652 476
0.15460927087686696 477
0.1549610264265579 478
0.15501439301364814 479
0.15510634427769188 480
0.15552372305094467 481
0.15573127781858542 482
0.15644287496226347 483
0.1574857959161809 484
0.1575944781636558 485
0.1579526152625876 486
0.1589017854157916 487
0.15923193308019426 488
0.15979141024330104 489
0.1597971246127628 490
0.16010993118429756 491
0.1603695491574272 492
0.16056751155571258 493
0.16072868417217165 494
0.16082712882949018 495
0.16086827591105493 496
0.16089517035946743 497
0.16116331567803016 498
0.1615248348464794 499
0.1615380403083635 500
0.16245225956490886 501
0.16280247444385632 502
0.16302481975318714 503
0.16315098982001602 504
0.16333884775669377 505
0.16344934377475293 506
0.1635524601794691 507
0.16389387579472606 508
0.1643424827878937 509
0.16448742081982437 510
0.16489158388353586 511
0.16496234427317322 512
0.16501282762606564 513
0.1650428643416303 514
0.16533513416604045 515
0.1661031731009867 516
0.1661565677560954 517
0.16680911727857908 518
0.16682040107729387 519
0.16694464157219566 520
0.1671743397566786 521
0.16730877195721358 522
0.16819229780294856 523
0.1685160072895838 524
0.16870993839611723 525
0.16872545151058643 526
0.16874121125565886 527
0.16935434716395595 528
0.1694265131435494 529
0.16971526807414852 530
0.16997154154367597 531
0.17081839769353968 532
0.17125702070925397 533
0.17171505774921986 534
0.17172139237813192 535
0.1723207684695693 536
0.17272158973698398 537
0.173578850522936 538
0.17572961241327953 539
0.17602178967224 540
0.1763587372613953 541
0.17701368164549386 542
0.1773493288107042 543
0.17786313600395887 544
0.17851724909878944 545
0.17858600429607127 546
0.17868736549442316 547
0.17938003594547045 548
0.18039807265952706 549
0.1804733415351002 550
0.18054853457076428 551
0.18068055478354952 552
0.18122061260279396 553
0.1812875485088689 554
0.18129786848068613 555
0.181843192572565 556
0.18185142307783192 557
0.18214361623432002 558
0.18234370201661254 559
0.18235051190805304 560
0.18241549612926708 561
0.18346011499666534 562
0.18526428460899738 563
0.18540382383297302 564
0.1856336400519477 565
0.18563411167297464 566
0.18575033030704075 567
0.18651854134195942 568
0.18690157549782507 569
0.1872132562696267 570
0.18743771615281377 571
0.1877010773107782 572
0.18802581799000526 573
0.18812831664731886 574
0.18823548035384005 575
0.1884320729202685 576
0.18874252745774073 577
0.18913975807672603 578
0.18935568512715018 579
0.1898324212260845 580
0.19038956325687426 581
0.19139514004093658 582
0.1914725371686059 583
0.19155488671306922 584
0.19195940032890252 585
0.19226116631866721 586
0.19229296492500933 587
0.19288672317772068 588
0.1931270406132128 589
0.19325751701689742 590
0.19370828924133157 591
0.1940086321912425 592
0.19509607783349595 593
0.1953172381563696 594
0.19534958148114012 595
0.19674578956937702 596
0.1974682497166207 597
0.197523667742003 598
0.1987387062984157 599
0.1989647938583186 600
0.19928757098748687 601
0.2002586419716219 602
0.2004477566190353 603
0.20055887215502471 604
0.20059678112668503 605
0.2009986731740361 606
0.20121519193895435 607
0.20215422495148982 608
0.20240021395832578 609
0.20307239264762086 610
0.20383989553695897 611
0.20411124199628927 612
0.20415936494550724 613
0.2041753227239481 614
0.20451721699847483 615
0.20485184258523642 616
0.20528761260924153 617
0.20542502985272273 618
0.20551935505856953 619
0.20597619683642102 620
0.2060787093453818 621
0.20656724911837623 622
0.20701846206310698 623
0.20711097334226242 624
0.20711689966322586 625
0.20776062394558253 626
0.2081832082780513 627
0.20837426934379258 628
0.2092769851119047 629
0.2095633598325977 630
0.20967510187128602 631
0.2097406054163471 632
0.2099500072943766 633
0.21006765557902196 634
0.21007334136768585 635
0.21046717484575697 636
0.21063403073473083 637
0.21076057126271008 638
0.21104836984003822 639
0.2113374922899863 640
0.21140288038809177 641
0.2118567482633567 642
0.2119269855674822 643
0.21198333312239037 644
0.21238251018078425 645
0.21252424955421417 646
0.21266315105488454 647
0.21300023412310629 648
0.21425615842974835 649
0.2146841097369515 650
0.2153168170872125 651
0.21535492019553323 652
0.21543306380108415 653
0.21594040761173094 654
0.2161165640056609 655
0.2161247803949458 656
0.21706038744570696 657
0.21709144286804324 658
0.2177505208388629 659
0.21778374016005295 660
0.2178681607787807 661
0.21834994892028275 662
0.2183794824019059 663
0.21882643667123672 664
0.21903422679768678 665
0.21923028101629277 666
0.21956219388528989 667
0.21997519249962605 668
0.2204991158426434 669
0.22111241539249427 670
0.22123056438275832 671
0.22131386235090852 672
0.2215981307132403 673
0.22186716113116406 674
0.22198346856573223 675
0.22305684861952588 676
0.2234971361628633 677
0.22379069473096785 678
0.22389255258293214 679
0.22451479569656657 680
0.2249978471677854 681
0.22591271465705434 682
0.22598347352456288 683
0.22612406754649567 684
0.22628464445930382 685
0.22644263085457064 686
0.22659247218266215 687
0.22676560327866147 688
0.226834894349782 689
0.22729316506780736 690
0.22827947255635786 691
0.22852523272702344 692
0.2286036042032788 693
0.2286226071567893 694
0.2287243211577699 695
0.22923459751193534 696
0.22931617009702782 697
0.23008052397009746 698
0.23016175642301237 699
0.23022477370186023 700
0.2305284268096705 701
0.23059332773227983 702
0.23075276344750664 703
0.2311189139011572 704
0.2313526841070569 705
0.23203979375493522 706
0.23330335637790192 707
0.2346380312194413 708
0.23491416761064057 709
0.2353744931154188 710
0.23557434554836787 711
0.2359414804580049 712
0.23600172798037616 713
0.23657451823768175 714
0.23685605474083204 715
0.23711083927434487 716
0.237126242781678 717
0.2375585951162942 718
0.2376445323133565 719
0.2381825069311896 720
0.2387069622384216 721
0.23897568562345642 722
0.239935086297485 723
0.24022190337731766 724
0.2403588679054409 725
0.24045736497513873 726
0.24081043143091507 727
0.24144924905150317 728
0.24180130164366542 729
0.24202980015887246 730
0.24249870809511012 731
0.2428040433846563 732
0.24281669058396413 733
0.2429607209496525 734
0.2431218859254038 735
0.24405889150243207 736
0.24458606137839192 737
0.24463712834302595 738
0.2447866636658208 739
0.24576714143776565 740
0.2459434333669888 741
0.2461535257238064 742
0.24684084020834252 743
0.24690746543973532 744
0.24731508071533154 745
0.2473165777805991 746
0.24823048069201156 747
0.2484152296753527 748
0.2487540526934353 749
0.24930819716297467 750
0.2493268316686851 751
0.2504339518813025 752
0.2507145737301419 753
0.25111048066374464 754
0.25144020029767744 755
0.2529581490001317 756
0.2530056618702285 757
0.2535881322072818 758
0.2540428002890758 759
0.2544708974141659 760
0.25489305589823674 761
0.25514408417268525 762
0.2552737204219935 763
0.25530255620272674 764
0.2560877669204305 765
0.25635702608215777 766
0.2563622310089063 767
0.25648357619967116 768
0.25669198106301483 769
0.25694405686090815 770
0.2573530502450471 771
0.2575221665293849 772
0.25762432538512353 773
0.2578104031185251 774
0.2578363113546102 775
0.25783730642033137 776
0.25788774274324616 777
0.25814104939274923 778
0.258683664307098 779
0.2587013976183432 780
0.25896652534508696 781
0.2596396327139706 782
0.25967313323089375 783
0.26011925501413063 784
0.26090021674287084 785
0.2610095273210978 786
0.2610882100142662 787
0.2617139537593253 788
0.261928948197344 789
0.26211923993079844 790
0.26340164399935106 791
0.26374537744902526 792
0.2637757999714045 793
0.2638661567691138 794
0.26450917093981374 795
0.26484331457078103 796
0.26566634242394704 797
0.26644845468239864 798
0.266448818635565 799
0.2666558214134029 800
0.2678019065866922 801
0.26792025024184385 802
0.2685314465429265 803
0.26879570627946286 804
0.26901932188121763 805
0.2693988127763244 806
0.27074329753015147 807
0.270903914677042 808
0.2709398762634842 809
0.27146749158177474 810
0.2717667164065543 811
0.27236379682962103 812
0.27273425494782527 813
0.273073075769371 814
0.2731264892857304 815
0.27324474097880325 816
0.2733872485859066 817
0.2734993085275587 818
0.2738963210324013 819
0.27415975304820994 820
0.27418621687311573 821
0.2744559332808193 822
0.27483924517731345 823
0.27544437186675047 824
0.2754928027446862 825
0.27566967474102383 826
0.275813906321593 827
0.2761319767376212 828
0.2766009120966881 829
0.27674721792039103 830
0.27719784454704516 831
0.2773083853169571 832
0.27778587822461437 833
0.27783438197467253 834
0.27845736330350235 835
0.27920663693639963 836
0.2792495141952606 837
0.2796562825548265 838
0.2797119103954056 839
0.28000619396110527 840
0.28001538011813615 841
0.28011399326236663 842
0.28024039014882673 843
0.2804985817554485 844
0.28063837494451577 845
0.280706641335331 846
0.2816015844350701 847
0.2823844339849398 848
0.28239192383295364 849
0.28323322971037906 850
0.283294991655206 851
0.283475891714996 852
0.2834898039083451 853
0.2835280451093834 854
0.28372625084049713 855
0.2839299921100966 856
0.284097740412476 857
0.2841948318588897 858
0.28426581874008605 859
0.2843874291199792 860
0.28493270889294736 861
0.28516784459355826 862
0.2864478350682121 863
0.28648697892520275 864
0.28652498111654695 865
0.2866985094445475 866
0.28705275640930206 867
0.28746062933081595 868
0.2878371865011511 869
0.288647964124275 870
0.28893568290495986 871
0.2892951577969329 872
0.28950050570616015 873
0.28965923415240796 874
0.2901777364550838 875
0.2903081989666612 876
0.2903939116186193 877
0.29051935337964196 878
0.2908838010686535 879
0.2914199699704151 880
0.29179029485016234 881
0.2920718245982294 882
0.29220568568433664 883
0.29245635583243473 884
0.2925159113026955 885
0.2926388411015689 886
0.29267162926015644 887
0.2934181123083091 888
0.29389631175060527 889
0.2951692267247941 890
0.2952042107865031 891
0.29530822595804623 892
0.2954379076636269 893
0.29582308473639324 894
0.29601027101828786 895
0.2962906767682596 896
0.29633845266989883 897
0.2966445712826124 898
0.2968015425560474 899
0.297042532710061 900
0.2973023457701777 901
0.297336984682684 902
0.2974406173309808 903
0.29750511109526534 904
0.2977133982862623 905
0.29775409202844016 906
0.29829527213131074 907
0.298541665823596 908
0.29876523693167295 909
0.29953519988673727 910
0.29999303236823016 911
0.30035768982620453 912
0.30040190894157703 913
0.300801922423439 914
0.3012216694921242 915
0.30135989776804856 916
0.3015874648443786 917
0.30201853025180614 918
0.3027133813467697 919
0.303082986119349 920
0.30322072129441136 921
0.3035241747690514 922
0.3037280356519889 923
0.30418694070139873 924
0.3042663591584409 925
0.3045918922600497 926
0.3050624793468027 927
0.30517823916998055 928
0.30556544613855974 929
0.3058512236119624 930
0.30624776408235616 931
0.30648619066727373 932
0.3071606565325481 933
0.3081316298925616 934
0.30834995174338925 935
0.3089886692410286 936
0.3092538398046807 937
0.30957525469465647 938
0.3099864016001407 939
0.3099952461140045 940
0.31004189912750557 941
0.3102495389254641 942
0.31054861693768426 943
0.31099114550418594 944
0.3115200470609823 945
0.31155446643332924 946
0.3116802341812222 947
0.31209649669816186 948
0.31211604447162106 949
0.3125225325470057 950
0.3128272289898018 951
0.3129816844351003 952
0.3132114385517236 953
0.31336220945324633 954
0.3138981691265784 955
0.3141047202248305 956
0.3146243068975028 957
0.31500738360383057 958
0.3150683736129938 959
0.31513448350992357 960
0.3154201505090533 961
0.3154381253792851 962
0.31585229914041063 963
0.31618292776611334 964
0.3162065464688763 965
0.316811497010046 966
0.3170724114135605 967
0.31738362147809746 968
0.3174242439346075 969
0.3179201335227742 970
0.31827126922587495 971
0.31842774649739924 972
0.3185283736200583 973
0.32103588776025815 974
0.3214818899118226 975
0.32289631748437536 976
0.32382184368760597 977
0.3248935317035703 978
0.32524821014572725 979
0.3252754714100561 980
0.3254148222338549 981
0.3254900319957047 982
0.32549207383641166 983
0.3256300806482009 984
0.32586823390734565 985
0.3259508833920235 986
0.3263221171506723 987
0.3266727567352634 988
0.3271496675880345 989
0.3274565589095338 990
0.32778510051472537 991
0.32810907894430924 992
0.3283034501626474 993
0.3283431806072172 994
0.32872258927413955 995
0.3296364279147691 996
0.3300326133230351 997
0.33136526085180296 998
0.33175767049560584 999
0.3322465599095517 1000
0.3325660850109207 1001
0.3326584562012666 1002
0.33287570176920517 1003
0.3328951917085802 1004
0.3334992299924298 1005
0.33457097734316604 1006
0.33500136655956586 1007
0.3350445264600666 1008
0.33508267189599794 1009
0.335935063065812 1010
0.33658949447317227 1011
0.33703348549378237 1012
0.33731374179850504 1013
0.33764461347798747 1014
0.3387572924204701 1015
0.3389035331552369 1016
0.33895455706687544 1017
0.3389861545247411 1018
0.3390978419983824 1019
0.33916572465962347 1020
0.3397570382295178 1021
0.3398324928796615 1022
0.34008008311605076 1023
0.3406892736038375 1024
0.3409854268470086 1025
0.341294240854605 1026
0.34202514146505114 1027
0.34260769987573647 1028
0.3428650068128774 1029
0.3433809047533121 1030
0.34380853928824245 1031
0.3441321705882289 1032
0.3443541355448552 1033
0.34517163544358753 1034
0.34558111561680055 1035
0.34558156150472485 1036
0.34566275358830106 1037
0.34578059493944585 1038
0.3457891706250151 1039
0.3467335241908208 1040
0.34697252954390767 1041
0.3469961303920398 1042
0.3472421636959776 1043
0.3474442759282255 1044
0.3476394374705808 1045
0.3481968736946778 1046
0.3488444779127783 1047
0.349189797620758 1048
0.34995252199447124 1049
0.35019305176727744 1050
0.3504906634045643 1051
0.35058803675531053 1052
0.35058958145931124 1053
0.350647565841692 1054
0.3507586956005952 1055
0.3507691726508938 1056
0.35110387184565084 1057
0.35146205326768204 1058
0.35204721988408666 1059
0.352079933399777 1060
0.35252487575543107 1061
0.35253748957213005 1062
0.3530860221434184 1063
0.35339064619778165 1064
0.35353276927247357 1065
0.3535827888303788 1066
0.35368026158138227 1067
0.3537761308964192 1068
0.3541621375135397 1069
0.3550038215366032 1070
0.3554236091983244 1071
0.35581940829897896 1072
0.3559392632458521 1073
0.35599765561051655 1074
0.35647007530998204 1075
0.35667960569081975 1076
0.35752580032847575 1077
0.3575361063198521 1078
0.3576767560454174 1079
0.357942092079874 1080
0.35795856140168747 1081
0.3581375978262197 1082
0.3583740463668242 1083
0.3587004537628472 1084
0.3589723093281786 1085
0.3594902216873883 1086
0.3595593101419912 1087
0.3598251006142336 1088
0.3605685312315601 1089
0.36073172736438636 1090
0.3608537017893418 1091
0.3611808321217371 1092
0.3616460938063992 1093
0.3622287015293997 1094
0.3627671688091416 1095
0.3632228085831934 1096
0.3632587588715299 1097
0.3634866179345188 1098
0.3640357078020873 1099
0.36674021248201366 1100
0.36676469352736524 1101
0.36714997901093627 1102
0.3674300060353921 1103
0.36765293995864956 1104
0.367654854932954 1105
0.3680619928112944 1106
0.36888351428361 1107
0.3688854631138137 1108
0.36889482116691585 1109
0.3690280380359822 1110
0.3690841597388908 1111
0.3700158202461823 1112
0.37015013556962434 1113
0.37041916812487546 1114
0.3710797312000928 1115
0.37212665588376787 1116
0.3724902332701489 1117
0.3726048130632303 1118
0.37313641861952185 1119
0.37400007352995596 1120
0.37406505844526855 1121
0.37429538115511607 1122
0.3747613090217229 1123
0.3748312314924476 1124
0.37498254375312046 1125
0.37500917776129716 1126
0.3758373521741826 1127
0.37594937178636106 1128
0.37633885541059575 1129
0.3763666483884303 1130
0.37638191440666935 1131
0.3767135347963999 1132
0.3774321838492118 1133
0.37744338881558487 1134
0.37771569787871834 1135
0.37791986385300913 1136
0.37832093125735083 1137
0.37856877607053246 1138
0.3793666925115164 1139
0.37992434958852167 1140
0.3801091666006912 1141
0.3812851740762757 1142
0.38208264114492013 1143
0.3825663591447008 1144
0.3827280381966748 1145
0.38284996732567617 1146
0.38361163735982673 1147
0.3839916518004093 1148
0.3842598302292719 1149
0.38457741446921995 1150
0.3852421667750639 1151
0.3855247392959085 1152
0.38558856987806667 1153
0.3856275393149371 1154
0.38572125548064246 1155
0.386351446051834 1156
0.38646152631413927 1157
0.386596373410279 1158
0.3867997356756156 1159
0.3868081683009327 1160
0.38732965520983065 1161
0.38782877794542747 1162
0.38787402616204253 1163
0.38798760217423345 1164
0.38855676286850355 1165
0.38868400333239866 1166
0.38876277185969427 1167
0.38920190840515645 1168
0.389257988082903 1169
0.38967195419193984 1170
0.3898277571563592 1171
0.3898588133018245 1172
0.38989779243383443 1173
0.3907939901200562 1174
0.390913163598416 1175
0.3915823910690184 1176
0.3917383118518895 1177
0.3922116661833716 1178
0.39242483672824596 1179
0.392570724037505 1180
0.39265536376802634 1181
0.3927440300336835 1182
0.3938232761445978 1183
0.3943206909094961 1184
0.3944175504702732 1185
0.39444969527574164 1186
0.394634438506874 1187
0.39468398862425486 1188
0.3947915731550284 1189
0.39502616959166076 1190
0.39581755990310824 1191
0.39696795826253 1192
0.3974983897443263 1193
0.3994754391721357 1194
0.39949929738121226 1195
0.39965682865327073 1196
0.39973282873237503 1197
0.39975128568536705 1198
0.40039950696771576 1199
0.4007621308887152 1200
0.40080789808997536 1201
0.4008133206732119 1202
0.400997839760104 1203
0.40137643418002017 1204
0.401833880844854 1205
0.4018967511195493 1206
0.4020074541420679 1207
0.4021391466318732 1208
0.4022161527112014 1209
0.4030171020435457 1210
0.40313357526567367 1211
0.40337173351538425 1212
0.40337693360877924 1213
0.40382688396503497 1214
0.40419392383547664 1215
0.4041994223507292 1216
0.40567904560823403 1217
0.4057479870460659 1218
0.405777031395018 1219
0.40621658255799953 1220
0.4065928020519403 1221
0.406668342252612 1222
0.4068501976275482 1223
0.40689066673899543 1224
0.4074068728455758 1225
0.4076806296199669 1226
0.40776858079052664 1227
0.40778517464077724 1228
0.408754975119845 1229
0.40901985497140636 1230
0.40903983401499855 1231
0.4099219885972323 1232
0.4101872484031144 1233
0.41121491799302873 1234
0.4112717229570624 1235
0.4112734449067007 1236
0.4114810414356282 1237
0.4120764744830848 1238
0.41257696795234206 1239
0.41263113796899 1240
0.41282948751631904 1241
0.41302704899456416 1242
0.4131577802435953 1243
0.4134918371803782 1244
0.4137452568749796 1245
0.41374961657861614 1246
0.4137951486391227 1247
0.4138546585439018 1248
0.41400634977378703 1249
0.41403805163746454 1250
0.41424557648362736 1251
0.41441760905317204 1252
0.41514467001608274 1253
0.41573704336688505 1254
0.4159045017798193 1255
0.41654359712051325 1256
0.41746968040687477 1257
0.4174904278854983 1258
0.41767448845613353 1259
0.41803697390546707 1260
0.4192064903548587 1261
0.41968204686427446 1262
0.4199594976561483 1263
0.41996813178668047 1264
0.42029918567865243 1265
0.42065693098474227 1266
0.4211245091297013 1267
0.4220450573782809 1268
0.42210225382992783 1269
0.42219198745748826 1270
0.4228497295321016 1271
0.4229369516696731 1272
0.42356697566838897 1273
0.4238899241195096 1274
0.4239952752408046 1275
0.4244278742062615 1276
0.42455798897465874 1277
0.4249388905977487 1278
0.42555559405113985 1279
0.4255723670932908 1280
0.4257150819037283 1281
0.4259468094323943 1282
0.4259538489715195 1283
0.42601947551531893 1284
0.42603115441913375 1285
0.4266668412912292 1286
0.42678307654887143 1287
0.4272675501640335 1288
0.427603526707725 1289
0.4278445130535833 1290
0.4278601767253522 1291
0.42812313826630227 1292
0.4282121276195922 1293
0.42875791019913095 1294
0.4295891107556425 1295
0.4297015233780683 1296
0.43131100609253736 1297
0.432261134361363 1298
0.4323553167797543 1299
0.43236270632679635 1300
0.43330801531369045 1301
0.43420472093343415 1302
0.43434027603732617 1303
0.4348120803615938 1304
0.43519218288503325 1305
0.4354482872134056 1306
0.4366712826047281 1307
0.43690773094599994 1308
0.4376056390661696 1309
0.4384075834086401 1310
0.43867198436748195 1311
0.4390017410823703 1312
0.4390708551765505 1313
0.4393295146534217 1314
0.44008506083266313 1315
0.4407047969616873 1316
0.4408293290124134 1317
0.441366219401705 1318
0.4416584820832135 1319
0.4418428515315215 1320
0.44201119362074903 1321
0.4420130980730761 1322
0.44320473940394456 1323
0.4437704285028105 1324
0.44404314445622095 1325
0.4441609570805871 1326
0.44523576086787653 1327
0.4454688312192498 1328
0.4458858455474714 1329
0.44591832849682 1330
0.4462299442495866 1331
0.4465393487677013 1332
0.4467945764847379 1333
0.446975562222321 1334
0.44707299210992785 1335
0.4472047263923605 1336
0.4476212434678436 1337
0.4479967230335802 1338
0.4484768672555566 1339
0.4489955108397264 1340
0.4491415176680912 1341
0.44968874853970986 1342
0.45038963316416875 1343
0.4505921117086773 1344
0.45059882969595483 1345
0.4506241466686945 1346
0.4510433745358663 1347
0.45106388478208886 1348
0.4512129781197608 1349
0.45172457955732837 1350
0.45184350909995696 1351
0.4523599912214679 1352
0.45382643351143487 1353
0.4540186295372072 1354
0.4549529019478151 1355
0.4550965943130974 1356
0.4552392684192075 1357
0.45573175767197327 1358
0.4557933816569813 1359
0.4559835326302554 1360
0.45611284227985094 1361
0.45615220676206625 1362
0.4562069919447061 1363
0.4567372804562879 1364
0.4568432477201623 1365
0.45685209337003146 1366
0.45737359329635424 1367
0.45749071509425804 1368
0.4575124265545644 1369
0.4575756061125934 1370
0.4576822471002352 1371
0.4578067323252519 1372
0.45815726362504644 1373
0.45831870594253576 1374
0.4590093320338548 1375
0.4590885213906566 1376
0.45971435809862804 1377
0.45996842392191184 1378
0.46072054933360085 1379
0.4607321762178508 1380
0.4607723085030908 1381
0.46106468643349935 1382
0.46119517942611615 1383
0.4613258806957155 1384
0.46143398562095556 1385
0.4615665915405637 1386
0.4621824944171966 1387
0.4622511369156622 1388
0.4624102069422347 1389
0.4628759645976379 1390
0.46342940957263107 1391
0.4634530598954622 1392
0.4635283917641961 1393
0.4636169956018196 1394
0.46461307995247025 1395
0.46471340201218636 1396
0.46517581521176826 1397
0.46527909097560977 1398
0.4653515601748102 1399
0.4655192843123245 1400
0.46572479428717584 1401
0.4658441328563935 1402
0.46611408121315556 1403
0.46617775886203333 1404
0.46658605945442244 1405
0.4676940932689753 1406
0.4678223948881634 1407
0.4684651352917921 1408
0.46851601713247365 1409
0.46857777742976475 1410
0.4686281281862385 1411
0.4687833215770079 1412
0.4690202244954493 1413
0.4690976597185284 1414
0.47027194787044424 1415
0.47050424397015883 1416
0.47062168889736444 1417
0.4710518434727966 1418
0.47114711855981684 1419
0.4711595793039485 1420
0.47138555776187085 1421
0.47166354724109455 1422
0.4718471474447624 1423
0.47252883907587695 1424
0.47257380731251036 1425
0.47266279821374296 1426
0.47274855795121434 1427
0.47309948090167836 1428
0.47423539022276306 1429
0.4746814564007181 1430
0.4748449296974806 1431
0.4748590527852867 1432
0.47503303736646496 1433
0.47536952648848824 1434
0.4755085538634586 1435
0.476339881641891 1436
0.47637024630003927 1437
0.47638181664526863 1438
0.4763863355903824 1439
0.47715578317058666 1440
0.4775007344181779 1441
0.4775163837016703 1442
0.4775419142842375 1443
0.4777968560812622 1444
0.47783220707339824 1445
0.478114125941287 1446
0.4781905591591157 1447
0.4782520742991964 1448
0.47836313282448134 1449
0.4784158354963969 1450
0.4787750255243218 1451
0.4798147947454543 1452
0.47984956246275906 1453
0.48034615459794444 1454
0.4805839159579631 1455
0.4806555091227772 1456
0.48066101950410955 1457
0.48096433727925914 1458
0.4813948794071894 1459
0.4816870162289326 1460
0.48189875235315227 1461
0.4823243249312838 1462
0.4826622248451661 1463
0.4827623599332351 1464
0.4829640128123088 1465
0.48339386883818564 1466
0.48370863915694184 1467
0.4840442856540235 1468
0.484093645294746 1469
0.4846090953623586 1470
0.48461394755435044 1471
0.4846452278765644 1472
0.48630586250824004 1473
0.48755780199520576 1474
0.48789872434989706 1475
0.48834654619963186 1476
0.48905480317106714 1477
0.489121945589581 1478
0.48997351312628845 1479
0.4911481528360099 1480
0.49148147837231804 1481
0.4915198822732068 1482
0.4925241903485491 1483
0.4927832351914305 1484
0.4940320008775782 1485
0.494412856224433 1486
0.49458581660760875 1487
0.49494343175991823 1488
0.4953350357770615 1489
0.4957747669416917 1490
0.49579168375514454 1491
0.49620542249535343 1492
0.4963047455184413 1493
0.49765530230755195 1494
0.4977220029940127 1495
0.49795860132608694 1496
0.49807542624226214 1497
0.49824069486444106 1498
0.4985613687685877 1499
0.49901191117017757 1500
